[
  {
    "init_population": [
      {
        "sno": 0,
        "params": [
          -9.571128736063784,
          6.680650173449878,
          -4.955862930544399,
          0.05928163553794297,
          0.030374250874256527,
          5.591043670293229e-05,
          -4.800625649211208e-05,
          -9.965936901460198e-08,
          2.781288862880898e-08,
          3.310817547859367e-11,
          -5.349865408359655e-12
        ]
      },
      {
        "sno": 1,
        "params": [
          -9.571128736063784,
          6.680650173449878,
          -4.955862930544399,
          0.05928163553794297,
          0.030374250874256527,
          5.591043670293229e-05,
          -4.800625649211208e-05,
          -9.965213397646454e-08,
          2.781288862880898e-08,
          3.310817547859367e-11,
          -5.349865408359655e-12
        ]
      },
      {
        "sno": 2,
        "params": [
          -9.571128736063784,
          6.680650173449878,
          -4.955862930544399,
          0.05928163553794297,
          0.030374250874256527,
          5.591043670293229e-05,
          -4.800625649211208e-05,
          -9.951559187254735e-08,
          2.781288862880898e-08,
          3.308485237812215e-11,
          -5.349865408359655e-12
        ]
      },
      {
        "sno": 3,
        "params": [
          -9.571128736063784,
          6.680650173449878,
          -4.955862930544399,
          0.05928163553794297,
          0.030374250874256527,
          5.586084296908277e-05,
          -4.800625649211208e-05,
          -9.951559187254735e-08,
          2.781288862880898e-08,
          3.310817547859367e-11,
          -5.349865408359655e-12
        ]
      },
      {
        "sno": 4,
        "params": [
          -9.571128736063784,
          6.680650173449878,
          -4.955862930544399,
          0.05928163553794297,
          0.030374250874256527,
          5.591043670293229e-05,
          -4.800625649211208e-05,
          -9.951559187254735e-08,
          2.781288862880898e-08,
          3.310382595038441e-11,
          -5.349865408359655e-12
        ]
      },
      {
        "sno": 5,
        "params": [
          -9.571128736063784,
          6.680650173449878,
          -4.955862930544399,
          0.05928163553794297,
          0.030374250874256527,
          5.589025433395724e-05,
          -4.800625649211208e-05,
          -9.951559187254735e-08,
          2.781288862880898e-08,
          3.310817547859367e-11,
          -5.349865408359655e-12
        ]
      },
      {
        "sno": 6,
        "params": [
          -9.571128736063784,
          6.680650173449878,
          -4.955862930544399,
          0.059249034750363735,
          0.030374250874256527,
          5.591043670293229e-05,
          -4.800625649211208e-05,
          -9.951559187254735e-08,
          2.781288862880898e-08,
          3.310817547859367e-11,
          -5.349865408359655e-12
        ]
      },
      {
        "sno": 7,
        "params": [
          -9.571128736063784,
          6.680650173449878,
          -4.963101257957652,
          0.05928163553794297,
          0.030374250874256527,
          5.591043670293229e-05,
          -4.800625649211208e-05,
          -9.951559187254735e-08,
          2.781288862880898e-08,
          3.310817547859367e-11,
          -5.349865408359655e-12
        ]
      },
      {
        "sno": 8,
        "params": [
          -9.571128736063784,
          6.680650173449878,
          -4.962238357677258,
          0.05928163553794297,
          0.030374250874256527,
          5.591043670293229e-05,
          -4.800625649211208e-05,
          -9.951559187254735e-08,
          2.781288862880898e-08,
          3.310817547859367e-11,
          -5.349865408359655e-12
        ]
      },
      {
        "sno": 9,
        "params": [
          -9.571128736063784,
          6.680650173449878,
          -4.958927791626698,
          0.05928163553794297,
          0.030374250874256527,
          5.591043670293229e-05,
          -4.800625649211208e-05,
          -9.951559187254735e-08,
          2.781288862880898e-08,
          3.310817547859367e-11,
          -5.349865408359655e-12
        ]
      },
      {
        "sno": 10,
        "params": [
          -9.571128736063784,
          6.680650173449878,
          -4.955862930544399,
          0.05927693548948333,
          0.030374250874256527,
          5.591043670293229e-05,
          -4.800625649211208e-05,
          -9.951559187254735e-08,
          2.781288862880898e-08,
          3.310817547859367e-11,
          -5.349865408359655e-12
        ]
      },
      {
        "sno": 11,
        "params": [
          -9.571128736063784,
          6.680650173449878,
          -4.955862930544399,
          0.05928163553794297,
          0.030374250874256527,
          5.591043670293229e-05,
          -4.800625649211208e-05,
          -9.951559187254735e-08,
          2.781288862880898e-08,
          3.310817547859367e-11,
          -5.349865408359655e-12
        ]
      },
      {
        "sno": 12,
        "params": [
          -9.571128736063784,
          6.680650173449878,
          -4.955862930544399,
          0.05928163553794297,
          0.030374250874256527,
          5.591043670293229e-05,
          -4.800625649211208e-05,
          -9.951559187254735e-08,
          2.781288862880898e-08,
          3.310817547859367e-11,
          -5.349865408359655e-12
        ]
      },
      {
        "sno": 13,
        "params": [
          -9.571128736063784,
          6.680650173449878,
          -4.955862930544399,
          0.05928163553794297,
          0.030374250874256527,
          5.591043670293229e-05,
          -4.800625649211208e-05,
          -9.951559187254735e-08,
          2.781288862880898e-08,
          3.310817547859367e-11,
          -5.349865408359655e-12
        ]
      },
      {
        "sno": 14,
        "params": [
          -9.571128736063784,
          6.680650173449878,
          -4.955862930544399,
          0.05928163553794297,
          0.030374250874256527,
          5.591043670293229e-05,
          -4.800625649211208e-05,
          -9.951559187254735e-08,
          2.781288862880898e-08,
          3.310817547859367e-11,
          -5.349865408359655e-12
        ]
      },
      {
        "sno": 15,
        "params": [
          -9.571128736063784,
          6.680650173449878,
          -4.955862930544399,
          0.05928163553794297,
          0.030374250874256527,
          5.591043670293229e-05,
          -4.800625649211208e-05,
          -9.951559187254735e-08,
          2.781288862880898e-08,
          3.310817547859367e-11,
          -5.349865408359655e-12
        ]
      },
      {
        "sno": 16,
        "params": [
          -9.571128736063784,
          6.680650173449878,
          -4.955862930544399,
          0.05928163553794297,
          0.030374250874256527,
          5.591043670293229e-05,
          -4.800625649211208e-05,
          -9.951559187254735e-08,
          2.781288862880898e-08,
          3.310817547859367e-11,
          -5.349865408359655e-12
        ]
      },
      {
        "sno": 17,
        "params": [
          -9.571128736063784,
          6.680650173449878,
          -4.955862930544399,
          0.05928163553794297,
          0.030374250874256527,
          5.591043670293229e-05,
          -4.800625649211208e-05,
          -9.951559187254735e-08,
          2.781288862880898e-08,
          3.310817547859367e-11,
          -5.349865408359655e-12
        ]
      },
      {
        "sno": 18,
        "params": [
          -9.571128736063784,
          6.680650173449878,
          -4.955862930544399,
          0.05928163553794297,
          0.030374250874256527,
          5.591043670293229e-05,
          -4.800625649211208e-05,
          -9.951559187254735e-08,
          2.781288862880898e-08,
          3.310817547859367e-11,
          -5.349865408359655e-12
        ]
      },
      {
        "sno": 19,
        "params": [
          -9.571128736063784,
          6.680650173449878,
          -4.955862930544399,
          0.05928163553794297,
          0.030374250874256527,
          5.591043670293229e-05,
          -4.800625649211208e-05,
          -9.951559187254735e-08,
          2.781288862880898e-08,
          3.310817547859367e-11,
          -5.349865408359655e-12
        ]
      },
      {
        "sno": 20,
        "params": [
          -9.571128736063784,
          6.680650173449878,
          -4.955862930544399,
          0.05928163553794297,
          0.030374250874256527,
          5.591043670293229e-05,
          -4.800625649211208e-05,
          -9.951559187254735e-08,
          2.781288862880898e-08,
          3.310817547859367e-11,
          -5.349865408359655e-12
        ]
      },
      {
        "sno": 21,
        "params": [
          -9.571128736063784,
          6.680650173449878,
          -4.955862930544399,
          0.05928163553794297,
          0.030374250874256527,
          5.591043670293229e-05,
          -4.800625649211208e-05,
          -9.951559187254735e-08,
          2.781288862880898e-08,
          3.310817547859367e-11,
          -5.349865408359655e-12
        ]
      },
      {
        "sno": 22,
        "params": [
          -9.571128736063784,
          6.680650173449878,
          -4.955862930544399,
          0.05928163553794297,
          0.030374250874256527,
          5.591043670293229e-05,
          -4.800625649211208e-05,
          -9.951559187254735e-08,
          2.781288862880898e-08,
          3.310817547859367e-11,
          -5.349865408359655e-12
        ]
      },
      {
        "sno": 23,
        "params": [
          -9.571128736063784,
          6.680650173449878,
          -4.955862930544399,
          0.05928163553794297,
          0.030374250874256527,
          5.591043670293229e-05,
          -4.800625649211208e-05,
          -9.951559187254735e-08,
          2.781288862880898e-08,
          3.310817547859367e-11,
          -5.349865408359655e-12
        ]
      },
      {
        "sno": 24,
        "params": [
          -9.571128736063784,
          6.680650173449878,
          -4.955862930544399,
          0.05928163553794297,
          0.030374250874256527,
          5.591043670293229e-05,
          -4.800625649211208e-05,
          -9.951559187254735e-08,
          2.781288862880898e-08,
          3.310817547859367e-11,
          -5.349865408359655e-12
        ]
      },
      {
        "sno": 25,
        "params": [
          -9.571128736063784,
          6.680650173449878,
          -4.955862930544399,
          0.05928163553794297,
          0.030374250874256527,
          5.591043670293229e-05,
          -4.800625649211208e-05,
          -9.951559187254735e-08,
          2.781288862880898e-08,
          3.310817547859367e-11,
          -5.349865408359655e-12
        ]
      },
      {
        "sno": 26,
        "params": [
          -9.571128736063784,
          6.680650173449878,
          -4.955862930544399,
          0.05928163553794297,
          0.030374250874256527,
          5.591043670293229e-05,
          -4.800625649211208e-05,
          -9.951559187254735e-08,
          2.781288862880898e-08,
          3.310817547859367e-11,
          -5.349865408359655e-12
        ]
      },
      {
        "sno": 27,
        "params": [
          -9.571128736063784,
          6.680650173449878,
          -4.955862930544399,
          0.05928163553794297,
          0.030374250874256527,
          5.591043670293229e-05,
          -4.800625649211208e-05,
          -9.951559187254735e-08,
          2.781288862880898e-08,
          3.310817547859367e-11,
          -5.349865408359655e-12
        ]
      },
      {
        "sno": 28,
        "params": [
          -9.571128736063784,
          6.680650173449878,
          -4.955862930544399,
          0.05928163553794297,
          0.030374250874256527,
          5.591043670293229e-05,
          -4.800625649211208e-05,
          -9.951559187254735e-08,
          2.781288862880898e-08,
          3.310817547859367e-11,
          -5.349865408359655e-12
        ]
      },
      {
        "sno": 29,
        "params": [
          -9.571128736063784,
          6.680650173449878,
          -4.955862930544399,
          0.05928163553794297,
          0.030374250874256527,
          5.591043670293229e-05,
          -4.800625649211208e-05,
          -9.951559187254735e-08,
          2.781288862880898e-08,
          3.310817547859367e-11,
          -5.349865408359655e-12
        ]
      },
      {
        "sno": 30,
        "params": [
          -9.571128736063784,
          6.680650173449878,
          -4.955862930544399,
          0.05928163553794297,
          0.030374250874256527,
          5.591043670293229e-05,
          -4.800625649211208e-05,
          -9.951559187254735e-08,
          2.781288862880898e-08,
          3.310817547859367e-11,
          -5.349865408359655e-12
        ]
      },
      {
        "sno": 31,
        "params": [
          -9.571128736063784,
          6.684270503811557,
          -4.955862930544399,
          0.05928163553794297,
          0.030374250874256527,
          5.591043670293229e-05,
          -4.800625649211208e-05,
          -9.951559187254735e-08,
          2.781288862880898e-08,
          3.310817547859367e-11,
          -5.349865408359655e-12
        ]
      },
      {
        "sno": 32,
        "params": [
          -9.571128736063784,
          6.680650173449878,
          -4.955862930544399,
          0.05924328829359555,
          0.030374250874256527,
          5.593125966272605e-05,
          -4.800625649211208e-05,
          -9.951559187254735e-08,
          2.781288862880898e-08,
          3.310817547859367e-11,
          -5.349865408359655e-12
        ]
      },
      {
        "sno": 33,
        "params": [
          -9.571128736063784,
          6.680650173449878,
          -4.955862930544399,
          0.05928163553794297,
          0.030374250874256527,
          5.593125966272605e-05,
          -4.800625649211208e-05,
          -9.951559187254735e-08,
          2.781288862880898e-08,
          3.310817547859367e-11,
          -5.349865408359655e-12
        ]
      },
      {
        "sno": 34,
        "params": [
          -9.571128736063784,
          6.680650173449878,
          -4.955862930544399,
          0.05928163553794297,
          0.030374250874256527,
          5.593125966272605e-05,
          -4.800625649211208e-05,
          -9.951559187254735e-08,
          2.781288862880898e-08,
          3.310817547859367e-11,
          -5.349865408359655e-12
        ]
      },
      {
        "sno": 35,
        "params": [
          -9.571128736063784,
          6.680650173449878,
          -4.955862930544399,
          0.05928163553794297,
          0.030374250874256527,
          5.593125966272605e-05,
          -4.800625649211208e-05,
          -9.951559187254735e-08,
          2.781288862880898e-08,
          3.310817547859367e-11,
          -5.349865408359655e-12
        ]
      },
      {
        "sno": 36,
        "params": [
          -9.571128736063784,
          6.680650173449878,
          -4.955862930544399,
          0.05928163553794297,
          0.030374250874256527,
          5.593125966272605e-05,
          -4.800625649211208e-05,
          -9.951559187254735e-08,
          2.781288862880898e-08,
          3.310817547859367e-11,
          -5.349865408359655e-12
        ]
      },
      {
        "sno": 37,
        "params": [
          -9.571128736063784,
          6.680650173449878,
          -4.955862930544399,
          0.05928163553794297,
          0.030374250874256527,
          5.593125966272605e-05,
          -4.800625649211208e-05,
          -9.951559187254735e-08,
          2.781288862880898e-08,
          3.310817547859367e-11,
          -5.349865408359655e-12
        ]
      },
      {
        "sno": 38,
        "params": [
          -9.571128736063784,
          6.680650173449878,
          -4.955862930544399,
          0.05928163553794297,
          0.030374250874256527,
          5.593125966272605e-05,
          -4.800625649211208e-05,
          -9.940176332511661e-08,
          2.781288862880898e-08,
          3.3155684895633487e-11,
          -5.349865408359655e-12
        ]
      },
      {
        "sno": 39,
        "params": [
          -9.571128736063784,
          6.680650173449878,
          -4.955862930544399,
          0.05928163553794297,
          0.030374250874256527,
          5.593125966272605e-05,
          -4.800625649211208e-05,
          -9.940176332511661e-08,
          2.781288862880898e-08,
          3.310817547859367e-11,
          -5.349865408359655e-12
        ]
      }
    ],
    "mating_pool": [],
    "after_cross": [],
    "after_mutation": []
  },
  {
    "init_population": [
      {
        "sno": 0,
        "params": [
          -9.571128736063784,
          6.680650173449878,
          -4.955862930544399,
          0.05924328829359555,
          0.030374250874256527,
          5.593125966272605e-05,
          -4.800625649211208e-05,
          -9.951559187254735e-08,
          2.781288862880898e-08,
          3.306131708281065e-11,
          -5.349865408359655e-12
        ]
      },
      {
        "sno": 1,
        "params": [
          -9.571128736063784,
          6.680650173449878,
          -4.955862930544399,
          0.059249034750363735,
          0.030374250874256527,
          5.591043670293229e-05,
          -4.800625649211208e-05,
          -9.951559187254735e-08,
          2.781288862880898e-08,
          3.310817547859367e-11,
          -5.349865408359655e-12
        ]
      },
      {
        "sno": 2,
        "params": [
          -9.571128736063784,
          6.680650173449878,
          -4.955862930544399,
          0.05927693548948333,
          0.030374250874256527,
          5.591043670293229e-05,
          -4.800625649211208e-05,
          -9.951559187254735e-08,
          2.781288862880898e-08,
          3.310817547859367e-11,
          -5.349865408359655e-12
        ]
      },
      {
        "sno": 3,
        "params": [
          -9.571128736063784,
          6.680650173449878,
          -4.955862930544399,
          0.059249034750363735,
          0.030374250874256527,
          5.591043670293229e-05,
          -4.800625649211208e-05,
          -9.951559187254735e-08,
          2.781288862880898e-08,
          3.310817547859367e-11,
          -5.349865408359655e-12
        ]
      },
      {
        "sno": 4,
        "params": [
          -9.571128736063784,
          6.680650173449878,
          -4.955862930544399,
          0.05928163553794297,
          0.030374250874256527,
          5.593125966272605e-05,
          -4.800625649211208e-05,
          -9.951559187254735e-08,
          2.781288862880898e-08,
          3.313295070229378e-11,
          -5.349865408359655e-12
        ]
      },
      {
        "sno": 5,
        "params": [
          -9.571128736063784,
          6.67010091412113,
          -4.955862930544399,
          0.05927693548948333,
          0.030374250874256527,
          5.591043670293229e-05,
          -4.800625649211208e-05,
          -9.951559187254735e-08,
          2.781288862880898e-08,
          3.310817547859367e-11,
          -5.349865408359655e-12
        ]
      },
      {
        "sno": 6,
        "params": [
          -9.571128736063784,
          6.680650173449878,
          -4.955862930544399,
          0.05928163553794297,
          0.030374250874256527,
          5.593125966272605e-05,
          -4.800625649211208e-05,
          -9.951559187254735e-08,
          2.781288862880898e-08,
          3.310817547859367e-11,
          -5.349865408359655e-12
        ]
      },
      {
        "sno": 7,
        "params": [
          -9.571128736063784,
          6.680650173449878,
          -4.955862930544399,
          0.05928163553794297,
          0.030374250874256527,
          5.593125966272605e-05,
          -4.800625649211208e-05,
          -9.951559187254735e-08,
          2.781288862880898e-08,
          3.310817547859367e-11,
          -5.3534250529399365e-12
        ]
      },
      {
        "sno": 8,
        "params": [
          -9.571128736063784,
          6.680650173449878,
          -4.955862930544399,
          0.05928163553794297,
          0.030374250874256527,
          5.593125966272605e-05,
          -4.800625649211208e-05,
          -9.951559187254735e-08,
          2.781288862880898e-08,
          3.310817547859367e-11,
          -5.349865408359655e-12
        ]
      },
      {
        "sno": 9,
        "params": [
          -9.571128736063784,
          6.680650173449878,
          -5.425160494928182,
          0.05928163553794297,
          0.030374250874256527,
          5.593125966272605e-05,
          -4.800625649211208e-05,
          -9.951559187254735e-08,
          2.781288862880898e-08,
          3.310817547859367e-11,
          -5.349865408359655e-12
        ]
      },
      {
        "sno": 10,
        "params": [
          -9.571128736063784,
          6.680650173449878,
          -4.955862930544399,
          0.05924328829359555,
          0.030374250874256527,
          5.593125966272605e-05,
          -4.800625649211208e-05,
          -9.951559187254735e-08,
          2.781288862880898e-08,
          3.310817547859367e-11,
          -5.349865408359655e-12
        ]
      },
      {
        "sno": 11,
        "params": [
          -9.571128736063784,
          6.680650173449878,
          -4.955862930544399,
          0.059249034750363735,
          0.030374250874256527,
          5.591043670293229e-05,
          -4.800625649211208e-05,
          -9.951559187254735e-08,
          2.781288862880898e-08,
          3.310817547859367e-11,
          -5.349865408359655e-12
        ]
      },
      {
        "sno": 12,
        "params": [
          -9.571128736063784,
          6.680650173449878,
          -4.955862930544399,
          0.05927693548948333,
          0.030374250874256527,
          5.591043670293229e-05,
          -4.800625649211208e-05,
          -9.951559187254735e-08,
          2.781288862880898e-08,
          3.310817547859367e-11,
          -5.349865408359655e-12
        ]
      },
      {
        "sno": 13,
        "params": [
          -9.571128736063784,
          6.680650173449878,
          -4.955862930544399,
          0.05928163553794297,
          0.030374250874256527,
          5.5885746509382174e-05,
          -4.800625649211208e-05,
          -9.951559187254735e-08,
          2.781288862880898e-08,
          3.310817547859367e-11,
          -5.349865408359655e-12
        ]
      },
      {
        "sno": 14,
        "params": [
          -9.571128736063784,
          6.680650173449878,
          -4.955862930544399,
          0.0593141205227406,
          0.030374250874256527,
          5.593125966272605e-05,
          -4.800625649211208e-05,
          -9.951559187254735e-08,
          2.781288862880898e-08,
          3.310817547859367e-11,
          -5.349865408359655e-12
        ]
      },
      {
        "sno": 15,
        "params": [
          -9.571128736063784,
          6.680650173449878,
          -4.955862930544399,
          0.05928163553794297,
          0.030374250874256527,
          5.593125966272605e-05,
          -4.800625649211208e-05,
          -9.959986476096311e-08,
          2.781288862880898e-08,
          3.310817547859367e-11,
          -5.349865408359655e-12
        ]
      },
      {
        "sno": 16,
        "params": [
          -9.571128736063784,
          6.680650173449878,
          -4.955862930544399,
          0.05928163553794297,
          0.030374250874256527,
          5.593125966272605e-05,
          -4.800625649211208e-05,
          -9.951559187254735e-08,
          2.781288862880898e-08,
          3.310817547859367e-11,
          -5.349865408359655e-12
        ]
      },
      {
        "sno": 17,
        "params": [
          -9.571128736063784,
          6.680650173449878,
          -4.954114572431295,
          0.05928163553794297,
          0.030374250874256527,
          5.593125966272605e-05,
          -4.800625649211208e-05,
          -9.951559187254735e-08,
          2.781288862880898e-08,
          3.310817547859367e-11,
          -5.349865408359655e-12
        ]
      },
      {
        "sno": 18,
        "params": [
          -9.571128736063784,
          6.680650173449878,
          -4.955862930544399,
          0.05928163553794297,
          0.030374250874256527,
          5.593125966272605e-05,
          -4.800625649211208e-05,
          -9.940176332511661e-08,
          2.781288862880898e-08,
          3.3155684895633487e-11,
          -5.349865408359655e-12
        ]
      },
      {
        "sno": 19,
        "params": [
          -9.571128736063784,
          6.685529905533645,
          -4.955862930544399,
          0.05928163553794297,
          0.030374250874256527,
          5.593125966272605e-05,
          -4.800625649211208e-05,
          -9.940176332511661e-08,
          2.781288862880898e-08,
          3.310817547859367e-11,
          -5.349865408359655e-12
        ]
      },
      {
        "sno": 20,
        "params": [
          -9.571128736063784,
          6.680650173449878,
          -4.955862930544399,
          0.05928163553794297,
          0.030374250874256527,
          5.591043670293229e-05,
          -4.800625649211208e-05,
          -9.972190958314338e-08,
          2.781288862880898e-08,
          3.310817547859367e-11,
          -5.349865408359655e-12
        ]
      },
      {
        "sno": 21,
        "params": [
          -9.571128736063784,
          6.680650173449878,
          -4.955862930544399,
          0.05928163553794297,
          0.030374250874256527,
          5.591043670293229e-05,
          -4.800625649211208e-05,
          -9.965213397646454e-08,
          2.781288862880898e-08,
          3.310817547859367e-11,
          -5.349865408359655e-12
        ]
      },
      {
        "sno": 22,
        "params": [
          -9.571128736063784,
          6.680650173449878,
          -4.955862930544399,
          0.05928163553794297,
          0.030374250874256527,
          5.591043670293229e-05,
          -4.7984196484162037e-05,
          -9.951559187254735e-08,
          2.781288862880898e-08,
          3.308485237812215e-11,
          -5.349865408359655e-12
        ]
      },
      {
        "sno": 23,
        "params": [
          -9.571128736063784,
          6.680650173449878,
          -4.955862930544399,
          0.05928163553794297,
          0.030374250874256527,
          5.598551527797109e-05,
          -4.800625649211208e-05,
          -9.951559187254735e-08,
          2.781288862880898e-08,
          3.310382595038441e-11,
          -5.349865408359655e-12
        ]
      },
      {
        "sno": 24,
        "params": [
          -9.571128736063784,
          6.680650173449878,
          -4.955862930544399,
          0.05935706963027871,
          0.030374250874256527,
          5.591043670293229e-05,
          -4.800625649211208e-05,
          -9.951559187254735e-08,
          2.781288862880898e-08,
          3.310817547859367e-11,
          -5.349865408359655e-12
        ]
      },
      {
        "sno": 25,
        "params": [
          -9.571128736063784,
          6.680650173449878,
          -4.955862930544399,
          0.05928163553794297,
          0.030374250874256527,
          5.591043670293229e-05,
          -4.800625649211208e-05,
          -9.951559187254735e-08,
          2.781288862880898e-08,
          3.310817547859367e-11,
          -5.349865408359655e-12
        ]
      },
      {
        "sno": 26,
        "params": [
          -9.571128736063784,
          6.680650173449878,
          -4.955862930544399,
          0.05928163553794297,
          0.030374250874256527,
          5.591043670293229e-05,
          -4.800625649211208e-05,
          -9.951559187254735e-08,
          2.781288862880898e-08,
          3.310817547859367e-11,
          -5.349865408359655e-12
        ]
      },
      {
        "sno": 27,
        "params": [
          -9.571128736063784,
          6.680650173449878,
          -4.955862930544399,
          0.05928163553794297,
          0.030374250874256527,
          5.591043670293229e-05,
          -4.800625649211208e-05,
          -9.951559187254735e-08,
          2.781288862880898e-08,
          3.310817547859367e-11,
          -5.349865408359655e-12
        ]
      },
      {
        "sno": 28,
        "params": [
          -9.571128736063784,
          6.680650173449878,
          -4.955862930544399,
          0.05928163553794297,
          0.030374250874256527,
          5.591043670293229e-05,
          -4.800625649211208e-05,
          -9.951559187254735e-08,
          2.781288862880898e-08,
          3.310817547859367e-11,
          -5.349865408359655e-12
        ]
      },
      {
        "sno": 29,
        "params": [
          -9.571128736063784,
          6.680650173449878,
          -4.955862930544399,
          0.05928163553794297,
          0.030374250874256527,
          5.591043670293229e-05,
          -4.800625649211208e-05,
          -9.951559187254735e-08,
          2.781288862880898e-08,
          3.310817547859367e-11,
          -5.349865408359655e-12
        ]
      },
      {
        "sno": 30,
        "params": [
          -9.571128736063784,
          6.680650173449878,
          -4.955862930544399,
          0.05928163553794297,
          0.030374250874256527,
          5.591043670293229e-05,
          -4.800625649211208e-05,
          -9.948579773363766e-08,
          2.781288862880898e-08,
          3.310817547859367e-11,
          -5.349865408359655e-12
        ]
      },
      {
        "sno": 31,
        "params": [
          -9.571128736063784,
          6.680650173449878,
          -4.955862930544399,
          0.05928163553794297,
          0.030374250874256527,
          5.591043670293229e-05,
          -4.800625649211208e-05,
          -9.951559187254735e-08,
          2.781288862880898e-08,
          3.310817547859367e-11,
          -5.349865408359655e-12
        ]
      },
      {
        "sno": 32,
        "params": [
          -9.571128736063784,
          6.680650173449878,
          -4.949990941748132,
          0.05928163553794297,
          0.030374250874256527,
          5.591043670293229e-05,
          -4.800625649211208e-05,
          -9.951559187254735e-08,
          2.781288862880898e-08,
          3.310817547859367e-11,
          -5.349865408359655e-12
        ]
      },
      {
        "sno": 33,
        "params": [
          -9.571128736063784,
          6.680650173449878,
          -4.955862930544399,
          0.05928163553794297,
          0.030374250874256527,
          5.591043670293229e-05,
          -4.800625649211208e-05,
          -9.951559187254735e-08,
          2.781288862880898e-08,
          3.310817547859367e-11,
          -5.349865408359655e-12
        ]
      },
      {
        "sno": 34,
        "params": [
          -9.571128736063784,
          6.680650173449878,
          -4.955862930544399,
          0.05928163553794297,
          0.030374250874256527,
          5.591043670293229e-05,
          -4.800625649211208e-05,
          -9.964688178188112e-08,
          2.781288862880898e-08,
          3.310817547859367e-11,
          -5.349865408359655e-12
        ]
      },
      {
        "sno": 35,
        "params": [
          -9.571128736063784,
          6.680650173449878,
          -4.955862930544399,
          0.05928163553794297,
          0.030374250874256527,
          5.591043670293229e-05,
          -4.800625649211208e-05,
          -9.951559187254735e-08,
          2.781288862880898e-08,
          3.310817547859367e-11,
          -5.349865408359655e-12
        ]
      },
      {
        "sno": 36,
        "params": [
          -9.571128736063784,
          6.680650173449878,
          -4.955862930544399,
          0.05928163553794297,
          0.030374250874256527,
          5.591043670293229e-05,
          -4.800625649211208e-05,
          -9.951559187254735e-08,
          2.781288862880898e-08,
          3.310817547859367e-11,
          -5.349865408359655e-12
        ]
      },
      {
        "sno": 37,
        "params": [
          -9.571128736063784,
          6.680650173449878,
          -4.955862930544399,
          0.05928163553794297,
          0.030374250874256527,
          5.591043670293229e-05,
          -4.800625649211208e-05,
          -9.951559187254735e-08,
          2.781288862880898e-08,
          3.310817547859367e-11,
          -5.349865408359655e-12
        ]
      },
      {
        "sno": 38,
        "params": [
          -9.571128736063784,
          6.680650173449878,
          -4.955862930544399,
          0.05928163553794297,
          0.030374250874256527,
          5.591043670293229e-05,
          -4.800625649211208e-05,
          -9.951559187254735e-08,
          2.781288862880898e-08,
          3.310817547859367e-11,
          -5.349865408359655e-12
        ]
      },
      {
        "sno": 39,
        "params": [
          -9.571128736063784,
          6.680650173449878,
          -4.955862930544399,
          0.05928163553794297,
          0.030374250874256527,
          5.5875244136793467e-05,
          -4.800625649211208e-05,
          -9.951559187254735e-08,
          2.781288862880898e-08,
          3.310817547859367e-11,
          -5.349865408359655e-12
        ]
      }
    ],
    "mating_pool": [],
    "after_cross": [],
    "after_mutation": []
  },
  {
    "init_population": [
      {
        "sno": 0,
        "params": [
          -9.571128736063784,
          6.67010091412113,
          -4.955862930544399,
          0.05927693548948333,
          0.030374250874256527,
          5.591043670293229e-05,
          -4.800625649211208e-05,
          -9.951559187254735e-08,
          2.781288862880898e-08,
          3.310817547859367e-11,
          -5.354492942414798e-12
        ]
      },
      {
        "sno": 1,
        "params": [
          -9.571128736063784,
          6.680650173449878,
          -4.949990941748132,
          0.05928163553794297,
          0.030374250874256527,
          5.591043670293229e-05,
          -4.800625649211208e-05,
          -9.951559187254735e-08,
          2.781288862880898e-08,
          3.310817547859367e-11,
          -5.349865408359655e-12
        ]
      },
      {
        "sno": 2,
        "params": [
          -9.571128736063784,
          6.680650173449878,
          -4.949990941748132,
          0.05928163553794297,
          0.030374250874256527,
          5.593125966272605e-05,
          -4.800625649211208e-05,
          -9.951559187254735e-08,
          2.781288862880898e-08,
          3.310817547859367e-11,
          -5.349865408359655e-12
        ]
      },
      {
        "sno": 3,
        "params": [
          -9.571128736063784,
          6.680650173449878,
          -4.954114572431295,
          0.05928163553794297,
          0.030374250874256527,
          5.591043670293229e-05,
          -4.800625649211208e-05,
          -9.951559187254735e-08,
          2.781288862880898e-08,
          3.310817547859367e-11,
          -5.349865408359655e-12
        ]
      },
      {
        "sno": 4,
        "params": [
          -9.571128736063784,
          6.680650173449878,
          -4.954114572431295,
          0.05928163553794297,
          0.030374250874256527,
          5.593125966272605e-05,
          -4.800625649211208e-05,
          -9.951559187254735e-08,
          2.781288862880898e-08,
          3.306131708281065e-11,
          -5.349865408359655e-12
        ]
      },
      {
        "sno": 5,
        "params": [
          -9.571128736063784,
          6.680650173449878,
          -4.9490443784118865,
          0.05924328829359555,
          0.030374250874256527,
          5.593125966272605e-05,
          -4.800625649211208e-05,
          -9.951559187254735e-08,
          2.781288862880898e-08,
          3.310817547859367e-11,
          -5.349865408359655e-12
        ]
      },
      {
        "sno": 6,
        "params": [
          -9.571128736063784,
          6.680650173449878,
          -4.947759903949694,
          0.05924328829359555,
          0.030374250874256527,
          5.593125966272605e-05,
          -4.800625649211208e-05,
          -9.951559187254735e-08,
          2.781288862880898e-08,
          3.306131708281065e-11,
          -5.349865408359655e-12
        ]
      },
      {
        "sno": 7,
        "params": [
          -9.571128736063784,
          6.680650173449878,
          -4.955862930544399,
          0.05924328829359555,
          0.030374250874256527,
          5.593125966272605e-05,
          -4.800625649211208e-05,
          -9.951559187254735e-08,
          2.781288862880898e-08,
          3.310817547859367e-11,
          -5.349865408359655e-12
        ]
      },
      {
        "sno": 8,
        "params": [
          -9.571128736063784,
          6.680650173449878,
          -4.955862930544399,
          0.05924328829359555,
          0.030374250874256527,
          5.593125966272605e-05,
          -4.800625649211208e-05,
          0.938403609599497,
          2.781288862880898e-08,
          3.310817547859367e-11,
          -5.349865408359655e-12
        ]
      },
      {
        "sno": 9,
        "params": [
          -9.571128736063784,
          6.680650173449878,
          -4.955862930544399,
          0.059249034750363735,
          0.030374250874256527,
          5.591043670293229e-05,
          -4.800625649211208e-05,
          -9.951559187254735e-08,
          2.781288862880898e-08,
          3.310817547859367e-11,
          -5.349865408359655e-12
        ]
      },
      {
        "sno": 10,
        "params": [
          -9.571128736063784,
          6.67010091412113,
          -4.955862930544399,
          -0.3029511813127429,
          0.030374250874256527,
          5.591043670293229e-05,
          -4.800625649211208e-05,
          -9.951559187254735e-08,
          2.781288862880898e-08,
          3.310817547859367e-11,
          -5.349865408359655e-12
        ]
      },
      {
        "sno": 11,
        "params": [
          -9.571128736063784,
          6.680650173449878,
          -4.95452868406027,
          0.05928163553794297,
          0.030374250874256527,
          5.591043670293229e-05,
          -4.800625649211208e-05,
          -9.951559187254735e-08,
          2.781288862880898e-08,
          3.310817547859367e-11,
          -5.349865408359655e-12
        ]
      },
      {
        "sno": 12,
        "params": [
          -9.571128736063784,
          6.680650173449878,
          -4.954114572431295,
          0.05928163553794297,
          0.030374250874256527,
          5.593125966272605e-05,
          -4.800625649211208e-05,
          -9.951559187254735e-08,
          2.781288862880898e-08,
          3.3147646476599485e-11,
          -5.349865408359655e-12
        ]
      },
      {
        "sno": 13,
        "params": [
          -9.571128736063784,
          6.680650173449878,
          -4.955862930544399,
          0.05924328829359555,
          0.030374250874256527,
          5.593125966272605e-05,
          -4.800625649211208e-05,
          -9.951559187254735e-08,
          2.781288862880898e-08,
          3.306131708281065e-11,
          -5.355409624131495e-12
        ]
      },
      {
        "sno": 14,
        "params": [
          -9.571128736063784,
          6.680650173449878,
          -4.955862930544399,
          0.05924328829359555,
          0.03038935062042774,
          5.593125966272605e-05,
          -4.800625649211208e-05,
          -9.951559187254735e-08,
          2.781288862880898e-08,
          3.310817547859367e-11,
          -5.349865408359655e-12
        ]
      },
      {
        "sno": 15,
        "params": [
          -9.571128736063784,
          6.680650173449878,
          -4.955862930544399,
          0.059249034750363735,
          0.030374250874256527,
          5.591043670293229e-05,
          -4.800625649211208e-05,
          -9.951559187254735e-08,
          2.781288862880898e-08,
          3.310817547859367e-11,
          -5.349865408359655e-12
        ]
      },
      {
        "sno": 16,
        "params": [
          -9.571128736063784,
          6.680650173449878,
          -4.955862930544399,
          0.059249034750363735,
          0.030374250874256527,
          5.591043670293229e-05,
          -4.800625649211208e-05,
          -9.951559187254735e-08,
          2.781288862880898e-08,
          3.310817547859367e-11,
          -5.349865408359655e-12
        ]
      },
      {
        "sno": 17,
        "params": [
          -9.571128736063784,
          6.680650173449878,
          -4.955862930544399,
          0.059249034750363735,
          0.030374250874256527,
          5.591043670293229e-05,
          -4.800625649211208e-05,
          -9.951559187254735e-08,
          2.781288862880898e-08,
          3.310817547859367e-11,
          -5.349865408359655e-12
        ]
      },
      {
        "sno": 18,
        "params": [
          -9.571128736063784,
          6.680650173449878,
          -4.955862930544399,
          0.05927693548948333,
          0.030374250874256527,
          5.591043670293229e-05,
          -4.800625649211208e-05,
          -9.951559187254735e-08,
          2.7778615879687195e-08,
          3.310817547859367e-11,
          -5.349865408359655e-12
        ]
      },
      {
        "sno": 19,
        "params": [
          -9.571128736063784,
          6.680650173449878,
          -4.955862930544399,
          0.05933570898241598,
          0.030374250874256527,
          5.591043670293229e-05,
          -4.800625649211208e-05,
          -9.951559187254735e-08,
          2.781288862880898e-08,
          3.310817547859367e-11,
          -5.349865408359655e-12
        ]
      },
      {
        "sno": 20,
        "params": [
          -9.571128736063784,
          6.680650173449878,
          -4.955862930544399,
          0.05928163553794297,
          0.030374250874256527,
          5.598551527797109e-05,
          -4.800625649211208e-05,
          -9.951559187254735e-08,
          2.781288862880898e-08,
          3.310382595038441e-11,
          -5.349865408359655e-12
        ]
      },
      {
        "sno": 21,
        "params": [
          -9.555882013413925,
          6.680650173449878,
          -4.955862930544399,
          0.05928163553794297,
          0.030374250874256527,
          5.593125966272605e-05,
          -4.800625649211208e-05,
          -9.951559187254735e-08,
          2.781288862880898e-08,
          3.313295070229378e-11,
          -5.349865408359655e-12
        ]
      },
      {
        "sno": 22,
        "params": [
          -9.571128736063784,
          6.680650173449878,
          -4.955862930544399,
          0.05928163553794297,
          0.030374250874256527,
          5.593125966272605e-05,
          -4.800625649211208e-05,
          -9.951559187254735e-08,
          2.781288862880898e-08,
          3.310817547859367e-11,
          -5.349865408359655e-12
        ]
      },
      {
        "sno": 23,
        "params": [
          -9.571128736063784,
          6.680650173449878,
          -4.955862930544399,
          0.05928163553794297,
          0.030374250874256527,
          5.593125966272605e-05,
          -4.800625649211208e-05,
          -9.951559187254735e-08,
          2.7846630336019878e-08,
          3.310817547859367e-11,
          -5.3534250529399365e-12
        ]
      },
      {
        "sno": 24,
        "params": [
          -9.571128736063784,
          6.680650173449878,
          -4.955862930544399,
          0.05928163553794297,
          0.030374250874256527,
          5.593125966272605e-05,
          -4.800625649211208e-05,
          -9.951559187254735e-08,
          2.781288862880898e-08,
          3.310817547859367e-11,
          -5.349865408359655e-12
        ]
      },
      {
        "sno": 25,
        "params": [
          -9.571128736063784,
          6.680650173449878,
          -4.955862930544399,
          0.05928163553794297,
          0.030374250874256527,
          5.593125966272605e-05,
          -4.800625649211208e-05,
          -9.959986476096311e-08,
          2.781288862880898e-08,
          3.310817547859367e-11,
          -5.349865408359655e-12
        ]
      },
      {
        "sno": 26,
        "params": [
          -9.571128736063784,
          6.680650173449878,
          -4.955862930544399,
          0.05928163553794297,
          0.030374250874256527,
          5.593125966272605e-05,
          -4.800625649211208e-05,
          -9.951559187254735e-08,
          2.781288862880898e-08,
          3.310817547859367e-11,
          -5.349865408359655e-12
        ]
      },
      {
        "sno": 27,
        "params": [
          -9.571128736063784,
          6.6773332546790725,
          -4.955862930544399,
          0.05928163553794297,
          0.030374250874256527,
          5.593125966272605e-05,
          -4.800625649211208e-05,
          -9.940176332511661e-08,
          2.781288862880898e-08,
          3.3155684895633487e-11,
          -5.349865408359655e-12
        ]
      },
      {
        "sno": 28,
        "params": [
          -9.571128736063784,
          6.680650173449878,
          -4.955862930544399,
          0.05928163553794297,
          0.030374250874256527,
          5.591043670293229e-05,
          -4.7984196484162037e-05,
          -9.951559187254735e-08,
          2.781288862880898e-08,
          3.308485237812215e-11,
          -5.349865408359655e-12
        ]
      },
      {
        "sno": 29,
        "params": [
          -9.571128736063784,
          6.680650173449878,
          -4.955862930544399,
          0.05928163553794297,
          0.030374250874256527,
          5.591043670293229e-05,
          -4.800625649211208e-05,
          -9.972190958314338e-08,
          2.781288862880898e-08,
          3.310817547859367e-11,
          -5.349865408359655e-12
        ]
      },
      {
        "sno": 30,
        "params": [
          -9.571128736063784,
          6.680453655157472,
          -4.955862930544399,
          0.05928163553794297,
          0.030374250874256527,
          5.591043670293229e-05,
          -4.800625649211208e-05,
          -9.965213397646454e-08,
          2.781288862880898e-08,
          3.310817547859367e-11,
          -5.349865408359655e-12
        ]
      },
      {
        "sno": 31,
        "params": [
          -9.571128736063784,
          6.680650173449878,
          -4.955862930544399,
          0.05928163553794297,
          0.030374250874256527,
          5.591043670293229e-05,
          -4.800625649211208e-05,
          -9.951559187254735e-08,
          2.781288862880898e-08,
          3.310817547859367e-11,
          -5.349865408359655e-12
        ]
      },
      {
        "sno": 32,
        "params": [
          -9.571128736063784,
          6.680650173449878,
          -4.959122750671313,
          0.05928163553794297,
          0.030374250874256527,
          5.591043670293229e-05,
          -4.800625649211208e-05,
          -9.951559187254735e-08,
          2.781288862880898e-08,
          3.310817547859367e-11,
          -5.349865408359655e-12
        ]
      },
      {
        "sno": 33,
        "params": [
          -9.571128736063784,
          6.685946113397847,
          -4.955862930544399,
          0.05928163553794297,
          0.030374250874256527,
          5.591043670293229e-05,
          -4.800625649211208e-05,
          -9.951559187254735e-08,
          2.781288862880898e-08,
          3.310817547859367e-11,
          -5.349865408359655e-12
        ]
      },
      {
        "sno": 34,
        "params": [
          -9.571128736063784,
          6.680650173449878,
          -4.955862930544399,
          0.05928163553794297,
          0.030374250874256527,
          5.591043670293229e-05,
          -4.800625649211208e-05,
          -9.951559187254735e-08,
          2.781288862880898e-08,
          3.310817547859367e-11,
          -5.349865408359655e-12
        ]
      },
      {
        "sno": 35,
        "params": [
          -9.571128736063784,
          6.680650173449878,
          -4.955862930544399,
          0.05928163553794297,
          0.030374250874256527,
          5.591043670293229e-05,
          -4.800625649211208e-05,
          -9.951559187254735e-08,
          2.781288862880898e-08,
          3.310817547859367e-11,
          -5.349865408359655e-12
        ]
      },
      {
        "sno": 36,
        "params": [
          -9.571128736063784,
          6.680650173449878,
          -4.955862930544399,
          0.05928163553794297,
          0.030374250874256527,
          5.591043670293229e-05,
          -4.800625649211208e-05,
          -9.948579773363766e-08,
          2.781288862880898e-08,
          3.310817547859367e-11,
          -5.349865408359655e-12
        ]
      },
      {
        "sno": 37,
        "params": [
          -9.571128736063784,
          6.680650173449878,
          -4.955862930544399,
          0.05928163553794297,
          0.030374250874256527,
          5.591043670293229e-05,
          -4.800625649211208e-05,
          -9.951559187254735e-08,
          2.781288862880898e-08,
          3.310817547859367e-11,
          -5.349865408359655e-12
        ]
      },
      {
        "sno": 38,
        "params": [
          -9.571128736063784,
          6.680650173449878,
          -4.955862930544399,
          0.05928163553794297,
          0.030374250874256527,
          5.591043670293229e-05,
          -4.800625649211208e-05,
          -9.951559187254735e-08,
          2.781288862880898e-08,
          3.310817547859367e-11,
          -5.349865408359655e-12
        ]
      },
      {
        "sno": 39,
        "params": [
          -9.571128736063784,
          6.680650173449878,
          -4.955862930544399,
          0.05928163553794297,
          0.030374250874256527,
          5.591043670293229e-05,
          -4.800625649211208e-05,
          -9.964688178188112e-08,
          2.781288862880898e-08,
          3.310817547859367e-11,
          -5.349865408359655e-12
        ]
      }
    ],
    "mating_pool": [],
    "after_cross": [],
    "after_mutation": []
  },
  {
    "init_population": [
      {
        "sno": 0,
        "params": [
          -9.555882013413925,
          6.680650173449878,
          -4.955862930544399,
          0.05928163553794297,
          0.030374250874256527,
          5.593125966272605e-05,
          -4.800625649211208e-05,
          -9.951559187254735e-08,
          2.781288862880898e-08,
          3.310817547859367e-11,
          -5.354492942414798e-12
        ]
      },
      {
        "sno": 1,
        "params": [
          -9.571128736063784,
          6.67010091412113,
          -4.955862930544399,
          0.05927693548948333,
          0.030374250874256527,
          5.591043670293229e-05,
          -4.800625649211208e-05,
          -9.951559187254735e-08,
          2.781288862880898e-08,
          3.313295070229378e-11,
          -5.349865408359655e-12
        ]
      },
      {
        "sno": 2,
        "params": [
          -9.571128736063784,
          6.67010091412113,
          -4.955862930544399,
          0.05927693548948333,
          0.030374250874256527,
          5.593125966272605e-05,
          -4.800625649211208e-05,
          -9.951559187254735e-08,
          2.781288862880898e-08,
          3.306131708281065e-11,
          -5.349865408359655e-12
        ]
      },
      {
        "sno": 3,
        "params": [
          -9.571128736063784,
          6.680650173449878,
          -4.947759903949694,
          0.05924328829359555,
          0.030374250874256527,
          5.591043670293229e-05,
          -4.800625649211208e-05,
          -9.951559187254735e-08,
          2.781288862880898e-08,
          3.310817547859367e-11,
          -5.354492942414798e-12
        ]
      },
      {
        "sno": 4,
        "params": [
          -9.571128736063784,
          6.680650173449878,
          -4.947759903949694,
          0.05924328829359555,
          0.030374250874256527,
          5.593125966272605e-05,
          -4.800625649211208e-05,
          -9.951559187254735e-08,
          2.781288862880898e-08,
          3.310817547859367e-11,
          -5.349865408359655e-12
        ]
      },
      {
        "sno": 5,
        "params": [
          -9.571128736063784,
          6.680650173449878,
          -4.9490443784118865,
          0.05924328829359555,
          0.030374250874256527,
          5.593125966272605e-05,
          -4.800625649211208e-05,
          -9.951559187254735e-08,
          2.781288862880898e-08,
          3.306131708281065e-11,
          -5.349865408359655e-12
        ]
      },
      {
        "sno": 6,
        "params": [
          -9.571128736063784,
          6.680650173449878,
          -4.9490443784118865,
          0.05924328829359555,
          0.030374250874256527,
          5.593125966272605e-05,
          -4.800625649211208e-05,
          -9.951559187254735e-08,
          2.783491721908391e-08,
          3.310817547859367e-11,
          -5.349865408359655e-12
        ]
      },
      {
        "sno": 7,
        "params": [
          -9.571128736063784,
          6.680650173449878,
          -4.949990941748132,
          0.05928163553794297,
          0.030374250874256527,
          5.593125966272605e-05,
          -4.800625649211208e-05,
          -9.951559187254735e-08,
          2.781288862880898e-08,
          3.310817547859367e-11,
          -5.349865408359655e-12
        ]
      },
      {
        "sno": 8,
        "params": [
          -9.571128736063784,
          6.680650173449878,
          -4.949990941748132,
          0.05928163553794297,
          0.030337890354455686,
          5.591043670293229e-05,
          -4.800625649211208e-05,
          -9.951559187254735e-08,
          2.781288862880898e-08,
          3.310817547859367e-11,
          -5.349865408359655e-12
        ]
      },
      {
        "sno": 9,
        "params": [
          -9.571128736063784,
          6.680650173449878,
          -4.949990941748132,
          0.05928163553794297,
          0.030374250874256527,
          5.593125966272605e-05,
          -4.800625649211208e-05,
          -9.951559187254735e-08,
          2.7804211678502054e-08,
          3.310817547859367e-11,
          -5.349865408359655e-12
        ]
      },
      {
        "sno": 10,
        "params": [
          -9.571324809270413,
          6.680650173449878,
          -4.955862930544399,
          0.05928163553794297,
          0.030374250874256527,
          5.593125966272605e-05,
          -4.800625649211208e-05,
          -9.951559187254735e-08,
          2.781288862880898e-08,
          3.313295070229378e-11,
          -5.349865408359655e-12
        ]
      },
      {
        "sno": 11,
        "params": [
          -9.571128736063784,
          6.67010091412113,
          -4.955862930544399,
          0.05927693548948333,
          0.030374250874256527,
          5.591043670293229e-05,
          -4.800625649211208e-05,
          -9.951559187254735e-08,
          2.781288862880898e-08,
          3.310817547859367e-11,
          -5.354492942414798e-12
        ]
      },
      {
        "sno": 12,
        "params": [
          -9.571128736063784,
          6.680650173449878,
          -4.947759903949694,
          0.05922061068936629,
          0.030374250874256527,
          5.593125966272605e-05,
          -4.800625649211208e-05,
          -9.951559187254735e-08,
          2.781288862880898e-08,
          3.306131708281065e-11,
          -5.349865408359655e-12
        ]
      },
      {
        "sno": 13,
        "params": [
          -9.571128736063784,
          6.680650173449878,
          -4.9490443784118865,
          0.05924328829359555,
          0.030374250874256527,
          5.593125966272605e-05,
          -4.800625649211208e-05,
          -9.951559187254735e-08,
          2.781288862880898e-08,
          3.310817547859367e-11,
          -5.349865408359655e-12
        ]
      },
      {
        "sno": 14,
        "params": [
          -9.571128736063784,
          6.680650173449878,
          -4.949990941748132,
          0.05928163553794297,
          0.030374250874256527,
          5.593125966272605e-05,
          -4.800625649211208e-05,
          -9.951559187254735e-08,
          2.781288862880898e-08,
          3.310817547859367e-11,
          -5.349865408359655e-12
        ]
      },
      {
        "sno": 15,
        "params": [
          -9.571128736063784,
          6.680650173449878,
          -4.949990941748132,
          0.05928163553794297,
          0.030374250874256527,
          5.591043670293229e-05,
          -4.800625649211208e-05,
          -9.951559187254735e-08,
          2.781288862880898e-08,
          3.310817547859367e-11,
          -5.349865408359655e-12
        ]
      },
      {
        "sno": 16,
        "params": [
          -9.571128736063784,
          6.67010091412113,
          -4.955862930544399,
          -0.3029511813127429,
          0.030374250874256527,
          5.591043670293229e-05,
          -4.800625649211208e-05,
          -9.951559187254735e-08,
          2.781288862880898e-08,
          3.310817547859367e-11,
          -5.349865408359655e-12
        ]
      },
      {
        "sno": 17,
        "params": [
          -9.571128736063784,
          6.6773332546790725,
          -4.955862930544399,
          0.05928163553794297,
          0.030374250874256527,
          5.593125966272605e-05,
          -4.800625649211208e-05,
          -9.940176332511661e-08,
          2.781288862880898e-08,
          3.3155684895633487e-11,
          -5.349865408359655e-12
        ]
      },
      {
        "sno": 18,
        "params": [
          -9.571128736063784,
          6.680650173449878,
          -4.954114572431295,
          0.05928163553794297,
          0.030387839006798433,
          5.593125966272605e-05,
          -4.800625649211208e-05,
          -9.951559187254735e-08,
          2.781288862880898e-08,
          3.306131708281065e-11,
          -5.349865408359655e-12
        ]
      },
      {
        "sno": 19,
        "params": [
          -9.571128736063784,
          6.680650173449878,
          -4.954114572431295,
          0.05928163553794297,
          0.030374250874256527,
          5.593125966272605e-05,
          -4.800625649211208e-05,
          -9.951559187254735e-08,
          2.781288862880898e-08,
          3.3147646476599485e-11,
          -5.350324504865277e-12
        ]
      },
      {
        "sno": 20,
        "params": [
          -9.571128736063784,
          6.680650173449878,
          -4.954114572431295,
          0.05928163553794297,
          0.030332260913051946,
          5.591043670293229e-05,
          -4.800625649211208e-05,
          -9.951559187254735e-08,
          2.781288862880898e-08,
          3.310817547859367e-11,
          -5.349865408359655e-12
        ]
      },
      {
        "sno": 21,
        "params": [
          -9.571128736063784,
          6.680650173449878,
          -4.95452868406027,
          0.05928163553794297,
          0.030374250874256527,
          5.591043670293229e-05,
          -4.800625649211208e-05,
          -9.951559187254735e-08,
          2.781288862880898e-08,
          3.310817547859367e-11,
          -5.349865408359655e-12
        ]
      },
      {
        "sno": 22,
        "params": [
          -9.571128736063784,
          6.680453655157472,
          -4.955862930544399,
          0.05928163553794297,
          0.030374250874256527,
          5.591043670293229e-05,
          -4.800625649211208e-05,
          -9.965213397646454e-08,
          2.781288862880898e-08,
          3.310817547859367e-11,
          -5.349865408359655e-12
        ]
      },
      {
        "sno": 23,
        "params": [
          -9.571128736063784,
          6.680650173449878,
          -4.955862930544399,
          0.05924328829359555,
          0.030374250874256527,
          5.593125966272605e-05,
          -4.800625649211208e-05,
          -9.953966313882158e-08,
          2.781288862880898e-08,
          3.310817547859367e-11,
          -5.349865408359655e-12
        ]
      },
      {
        "sno": 24,
        "params": [
          -9.571128736063784,
          6.680650173449878,
          -4.955862930544399,
          0.05924328829359555,
          0.030358947838295538,
          5.593125966272605e-05,
          -4.800625649211208e-05,
          -9.951559187254735e-08,
          2.781288862880898e-08,
          3.306131708281065e-11,
          -5.355409624131495e-12
        ]
      },
      {
        "sno": 25,
        "params": [
          -9.571128736063784,
          6.680650173449878,
          -4.955862930544399,
          0.059249034750363735,
          0.030374250874256527,
          5.591043670293229e-05,
          -4.8066066946862276e-05,
          -9.951559187254735e-08,
          2.781288862880898e-08,
          3.310817547859367e-11,
          -5.349865408359655e-12
        ]
      },
      {
        "sno": 26,
        "params": [
          -9.571128736063784,
          6.680650173449878,
          -4.955862930544399,
          0.059249034750363735,
          0.030374250874256527,
          5.591043670293229e-05,
          -4.800625649211208e-05,
          -9.951559187254735e-08,
          2.781288862880898e-08,
          3.3140372676953456e-11,
          -5.349865408359655e-12
        ]
      },
      {
        "sno": 27,
        "params": [
          -9.571128736063784,
          6.680650173449878,
          -4.955862930544399,
          0.059249034750363735,
          0.030374250874256527,
          5.60014575113427e-05,
          -4.800625649211208e-05,
          -9.951559187254735e-08,
          2.781288862880898e-08,
          3.310817547859367e-11,
          -5.349865408359655e-12
        ]
      },
      {
        "sno": 28,
        "params": [
          -9.571128736063784,
          6.680650173449878,
          -4.955862930544399,
          0.059249034750363735,
          0.030374250874256527,
          5.591043670293229e-05,
          -4.800625649211208e-05,
          -9.951559187254735e-08,
          2.781288862880898e-08,
          3.310817547859367e-11,
          -5.349865408359655e-12
        ]
      },
      {
        "sno": 29,
        "params": [
          -9.571128736063784,
          6.680650173449878,
          -4.955862930544399,
          0.05924328829359555,
          0.03038935062042774,
          5.593125966272605e-05,
          -4.800625649211208e-05,
          -9.951559187254735e-08,
          2.781288862880898e-08,
          3.310817547859367e-11,
          -5.3504390054328595e-12
        ]
      },
      {
        "sno": 30,
        "params": [
          -9.571128736063784,
          6.680650173449878,
          -4.955862930544399,
          0.05927693548948333,
          0.030374250874256527,
          5.591043670293229e-05,
          -4.800625649211208e-05,
          -9.951559187254735e-08,
          2.7778615879687195e-08,
          3.310817547859367e-11,
          -5.349865408359655e-12
        ]
      },
      {
        "sno": 31,
        "params": [
          -9.571128736063784,
          6.682914956442404,
          -4.955862930544399,
          0.05928163553794297,
          0.030374250874256527,
          5.598551527797109e-05,
          -4.800625649211208e-05,
          -9.951559187254735e-08,
          2.781288862880898e-08,
          3.310382595038441e-11,
          -5.349865408359655e-12
        ]
      },
      {
        "sno": 32,
        "params": [
          -9.571128736063784,
          6.680650173449878,
          -4.955862930544399,
          0.05928163553794297,
          0.030374250874256527,
          5.593125966272605e-05,
          -4.800625649211208e-05,
          -9.951559187254735e-08,
          2.780835919451217e-08,
          3.310817547859367e-11,
          -5.349865408359655e-12
        ]
      },
      {
        "sno": 33,
        "params": [
          -9.571128736063784,
          6.680650173449878,
          -4.955862930544399,
          0.05928163553794297,
          0.030374250874256527,
          5.593125966272605e-05,
          -4.798654575093606e-05,
          -9.951559187254735e-08,
          2.7846630336019878e-08,
          3.310817547859367e-11,
          -5.3534250529399365e-12
        ]
      },
      {
        "sno": 34,
        "params": [
          -9.572181685340222,
          6.680650173449878,
          -4.955862930544399,
          0.05928163553794297,
          0.030374250874256527,
          5.593125966272605e-05,
          -4.800625649211208e-05,
          -9.951559187254735e-08,
          2.781288862880898e-08,
          3.310817547859367e-11,
          -5.349865408359655e-12
        ]
      },
      {
        "sno": 35,
        "params": [
          -9.571128736063784,
          6.680650173449878,
          -4.955862930544399,
          0.05928163553794297,
          0.030374250874256527,
          5.593125966272605e-05,
          -4.800625649211208e-05,
          -9.959986476096311e-08,
          2.781288862880898e-08,
          3.310817547859367e-11,
          -5.349865408359655e-12
        ]
      },
      {
        "sno": 36,
        "params": [
          -9.571128736063784,
          6.680650173449878,
          -4.955862930544399,
          0.05928163553794297,
          0.030374250874256527,
          5.593125966272605e-05,
          -4.800625649211208e-05,
          -9.951559187254735e-08,
          2.781288862880898e-08,
          3.310817547859367e-11,
          -5.349865408359655e-12
        ]
      },
      {
        "sno": 37,
        "params": [
          -9.571128736063784,
          6.680650173449878,
          -4.955862930544399,
          0.05928163553794297,
          0.030374250874256527,
          5.591043670293229e-05,
          -4.7984196484162037e-05,
          -9.951559187254735e-08,
          2.781288862880898e-08,
          3.308485237812215e-11,
          -5.349865408359655e-12
        ]
      },
      {
        "sno": 38,
        "params": [
          -9.571128736063784,
          6.680650173449878,
          -4.955862930544399,
          0.05928163553794297,
          0.030374250874256527,
          5.591043670293229e-05,
          -4.800625649211208e-05,
          -9.972190958314338e-08,
          2.781288862880898e-08,
          3.310817547859367e-11,
          -5.349865408359655e-12
        ]
      },
      {
        "sno": 39,
        "params": [
          -9.571128736063784,
          6.680650173449878,
          -4.955862930544399,
          0.05928163553794297,
          0.030374250874256527,
          5.591043670293229e-05,
          -4.800625649211208e-05,
          -9.951559187254735e-08,
          2.7796351130446008e-08,
          3.310817547859367e-11,
          -5.349865408359655e-12
        ]
      }
    ],
    "mating_pool": [],
    "after_cross": [],
    "after_mutation": []
  }
]