[
  {
    "init_population": [
      {
        "sno": 0,
        "params": [
          -9.571128736063784,
          6.680650173449878,
          -4.955862930544399,
          0.05928163553794297,
          0.030374250874256527,
          5.591043670293229e-05,
          -4.800625649211208e-05,
          -9.965936901460198e-08,
          2.781288862880898e-08,
          3.310817547859367e-11,
          -5.349865408359655e-12
        ]
      },
      {
        "sno": 1,
        "params": [
          -9.571128736063784,
          6.680650173449878,
          -4.955862930544399,
          0.05928163553794297,
          0.030374250874256527,
          5.591043670293229e-05,
          -4.800625649211208e-05,
          -9.965213397646454e-08,
          2.781288862880898e-08,
          3.310817547859367e-11,
          -5.349865408359655e-12
        ]
      },
      {
        "sno": 2,
        "params": [
          -9.571128736063784,
          6.680650173449878,
          -4.955862930544399,
          0.05928163553794297,
          0.030374250874256527,
          5.591043670293229e-05,
          -4.800625649211208e-05,
          -9.951559187254735e-08,
          2.781288862880898e-08,
          3.308485237812215e-11,
          -5.349865408359655e-12
        ]
      },
      {
        "sno": 3,
        "params": [
          -9.571128736063784,
          6.680650173449878,
          -4.955862930544399,
          0.05928163553794297,
          0.030374250874256527,
          5.586084296908277e-05,
          -4.800625649211208e-05,
          -9.951559187254735e-08,
          2.781288862880898e-08,
          3.310817547859367e-11,
          -5.349865408359655e-12
        ]
      },
      {
        "sno": 4,
        "params": [
          -9.571128736063784,
          6.680650173449878,
          -4.955862930544399,
          0.05928163553794297,
          0.030374250874256527,
          5.591043670293229e-05,
          -4.800625649211208e-05,
          -9.951559187254735e-08,
          2.781288862880898e-08,
          3.310382595038441e-11,
          -5.349865408359655e-12
        ]
      },
      {
        "sno": 5,
        "params": [
          -9.571128736063784,
          6.680650173449878,
          -4.955862930544399,
          0.05928163553794297,
          0.030374250874256527,
          5.589025433395724e-05,
          -4.800625649211208e-05,
          -9.951559187254735e-08,
          2.781288862880898e-08,
          3.310817547859367e-11,
          -5.349865408359655e-12
        ]
      },
      {
        "sno": 6,
        "params": [
          -9.571128736063784,
          6.680650173449878,
          -4.955862930544399,
          0.059249034750363735,
          0.030374250874256527,
          5.591043670293229e-05,
          -4.800625649211208e-05,
          -9.951559187254735e-08,
          2.781288862880898e-08,
          3.310817547859367e-11,
          -5.349865408359655e-12
        ]
      },
      {
        "sno": 7,
        "params": [
          -9.571128736063784,
          6.680650173449878,
          -4.963101257957652,
          0.05928163553794297,
          0.030374250874256527,
          5.591043670293229e-05,
          -4.800625649211208e-05,
          -9.951559187254735e-08,
          2.781288862880898e-08,
          3.310817547859367e-11,
          -5.349865408359655e-12
        ]
      },
      {
        "sno": 8,
        "params": [
          -9.571128736063784,
          6.680650173449878,
          -4.962238357677258,
          0.05928163553794297,
          0.030374250874256527,
          5.591043670293229e-05,
          -4.800625649211208e-05,
          -9.951559187254735e-08,
          2.781288862880898e-08,
          3.310817547859367e-11,
          -5.349865408359655e-12
        ]
      },
      {
        "sno": 9,
        "params": [
          -9.571128736063784,
          6.680650173449878,
          -4.958927791626698,
          0.05928163553794297,
          0.030374250874256527,
          5.591043670293229e-05,
          -4.800625649211208e-05,
          -9.951559187254735e-08,
          2.781288862880898e-08,
          3.310817547859367e-11,
          -5.349865408359655e-12
        ]
      },
      {
        "sno": 10,
        "params": [
          -9.571128736063784,
          6.680650173449878,
          -4.955862930544399,
          0.05927693548948333,
          0.030374250874256527,
          5.591043670293229e-05,
          -4.800625649211208e-05,
          -9.951559187254735e-08,
          2.781288862880898e-08,
          3.310817547859367e-11,
          -5.349865408359655e-12
        ]
      },
      {
        "sno": 11,
        "params": [
          -9.571128736063784,
          6.680650173449878,
          -4.955862930544399,
          0.05928163553794297,
          0.030374250874256527,
          5.591043670293229e-05,
          -4.800625649211208e-05,
          -9.951559187254735e-08,
          2.781288862880898e-08,
          3.310817547859367e-11,
          -5.349865408359655e-12
        ]
      },
      {
        "sno": 12,
        "params": [
          -9.571128736063784,
          6.680650173449878,
          -4.955862930544399,
          0.05928163553794297,
          0.030374250874256527,
          5.591043670293229e-05,
          -4.800625649211208e-05,
          -9.951559187254735e-08,
          2.781288862880898e-08,
          3.310817547859367e-11,
          -5.349865408359655e-12
        ]
      },
      {
        "sno": 13,
        "params": [
          -9.571128736063784,
          6.680650173449878,
          -4.955862930544399,
          0.05928163553794297,
          0.030374250874256527,
          5.591043670293229e-05,
          -4.800625649211208e-05,
          -9.951559187254735e-08,
          2.781288862880898e-08,
          3.310817547859367e-11,
          -5.349865408359655e-12
        ]
      },
      {
        "sno": 14,
        "params": [
          -9.571128736063784,
          6.680650173449878,
          -4.955862930544399,
          0.05928163553794297,
          0.030374250874256527,
          5.591043670293229e-05,
          -4.800625649211208e-05,
          -9.951559187254735e-08,
          2.781288862880898e-08,
          3.310817547859367e-11,
          -5.349865408359655e-12
        ]
      },
      {
        "sno": 15,
        "params": [
          -9.571128736063784,
          6.680650173449878,
          -4.955862930544399,
          0.05928163553794297,
          0.030374250874256527,
          5.591043670293229e-05,
          -4.800625649211208e-05,
          -9.951559187254735e-08,
          2.781288862880898e-08,
          3.310817547859367e-11,
          -5.349865408359655e-12
        ]
      },
      {
        "sno": 16,
        "params": [
          -9.571128736063784,
          6.680650173449878,
          -4.955862930544399,
          0.05928163553794297,
          0.030374250874256527,
          5.591043670293229e-05,
          -4.800625649211208e-05,
          -9.951559187254735e-08,
          2.781288862880898e-08,
          3.310817547859367e-11,
          -5.349865408359655e-12
        ]
      },
      {
        "sno": 17,
        "params": [
          -9.571128736063784,
          6.680650173449878,
          -4.955862930544399,
          0.05928163553794297,
          0.030374250874256527,
          5.591043670293229e-05,
          -4.800625649211208e-05,
          -9.951559187254735e-08,
          2.781288862880898e-08,
          3.310817547859367e-11,
          -5.349865408359655e-12
        ]
      },
      {
        "sno": 18,
        "params": [
          -9.571128736063784,
          6.680650173449878,
          -4.955862930544399,
          0.05928163553794297,
          0.030374250874256527,
          5.591043670293229e-05,
          -4.800625649211208e-05,
          -9.951559187254735e-08,
          2.781288862880898e-08,
          3.310817547859367e-11,
          -5.349865408359655e-12
        ]
      },
      {
        "sno": 19,
        "params": [
          -9.571128736063784,
          6.680650173449878,
          -4.955862930544399,
          0.05928163553794297,
          0.030374250874256527,
          5.591043670293229e-05,
          -4.800625649211208e-05,
          -9.951559187254735e-08,
          2.781288862880898e-08,
          3.310817547859367e-11,
          -5.349865408359655e-12
        ]
      },
      {
        "sno": 20,
        "params": [
          -9.571128736063784,
          6.680650173449878,
          -4.955862930544399,
          0.05928163553794297,
          0.030374250874256527,
          5.591043670293229e-05,
          -4.800625649211208e-05,
          -9.951559187254735e-08,
          2.781288862880898e-08,
          3.310817547859367e-11,
          -5.349865408359655e-12
        ]
      },
      {
        "sno": 21,
        "params": [
          -9.571128736063784,
          6.680650173449878,
          -4.955862930544399,
          0.05928163553794297,
          0.030374250874256527,
          5.591043670293229e-05,
          -4.800625649211208e-05,
          -9.951559187254735e-08,
          2.781288862880898e-08,
          3.310817547859367e-11,
          -5.349865408359655e-12
        ]
      },
      {
        "sno": 22,
        "params": [
          -9.571128736063784,
          6.680650173449878,
          -4.955862930544399,
          0.05928163553794297,
          0.030374250874256527,
          5.591043670293229e-05,
          -4.800625649211208e-05,
          -9.951559187254735e-08,
          2.781288862880898e-08,
          3.310817547859367e-11,
          -5.349865408359655e-12
        ]
      },
      {
        "sno": 23,
        "params": [
          -9.571128736063784,
          6.680650173449878,
          -4.955862930544399,
          0.05928163553794297,
          0.030374250874256527,
          5.591043670293229e-05,
          -4.800625649211208e-05,
          -9.951559187254735e-08,
          2.781288862880898e-08,
          3.310817547859367e-11,
          -5.349865408359655e-12
        ]
      },
      {
        "sno": 24,
        "params": [
          -9.571128736063784,
          6.680650173449878,
          -4.955862930544399,
          0.05928163553794297,
          0.030374250874256527,
          5.591043670293229e-05,
          -4.800625649211208e-05,
          -9.951559187254735e-08,
          2.781288862880898e-08,
          3.310817547859367e-11,
          -5.349865408359655e-12
        ]
      },
      {
        "sno": 25,
        "params": [
          -9.571128736063784,
          6.680650173449878,
          -4.955862930544399,
          0.05928163553794297,
          0.030374250874256527,
          5.591043670293229e-05,
          -4.800625649211208e-05,
          -9.951559187254735e-08,
          2.781288862880898e-08,
          3.310817547859367e-11,
          -5.349865408359655e-12
        ]
      },
      {
        "sno": 26,
        "params": [
          -9.571128736063784,
          6.680650173449878,
          -4.955862930544399,
          0.05928163553794297,
          0.030374250874256527,
          5.591043670293229e-05,
          -4.800625649211208e-05,
          -9.951559187254735e-08,
          2.781288862880898e-08,
          3.310817547859367e-11,
          -5.349865408359655e-12
        ]
      },
      {
        "sno": 27,
        "params": [
          -9.571128736063784,
          6.680650173449878,
          -4.955862930544399,
          0.05928163553794297,
          0.030374250874256527,
          5.591043670293229e-05,
          -4.800625649211208e-05,
          -9.951559187254735e-08,
          2.781288862880898e-08,
          3.310817547859367e-11,
          -5.349865408359655e-12
        ]
      },
      {
        "sno": 28,
        "params": [
          -9.571128736063784,
          6.680650173449878,
          -4.955862930544399,
          0.05928163553794297,
          0.030374250874256527,
          5.591043670293229e-05,
          -4.800625649211208e-05,
          -9.951559187254735e-08,
          2.781288862880898e-08,
          3.310817547859367e-11,
          -5.349865408359655e-12
        ]
      },
      {
        "sno": 29,
        "params": [
          -9.571128736063784,
          6.680650173449878,
          -4.955862930544399,
          0.05928163553794297,
          0.030374250874256527,
          5.591043670293229e-05,
          -4.800625649211208e-05,
          -9.951559187254735e-08,
          2.781288862880898e-08,
          3.310817547859367e-11,
          -5.349865408359655e-12
        ]
      },
      {
        "sno": 30,
        "params": [
          -9.571128736063784,
          6.680650173449878,
          -4.955862930544399,
          0.05928163553794297,
          0.030374250874256527,
          5.591043670293229e-05,
          -4.800625649211208e-05,
          -9.951559187254735e-08,
          2.781288862880898e-08,
          3.310817547859367e-11,
          -5.349865408359655e-12
        ]
      },
      {
        "sno": 31,
        "params": [
          -9.571128736063784,
          6.684270503811557,
          -4.955862930544399,
          0.05928163553794297,
          0.030374250874256527,
          5.591043670293229e-05,
          -4.800625649211208e-05,
          -9.951559187254735e-08,
          2.781288862880898e-08,
          3.310817547859367e-11,
          -5.349865408359655e-12
        ]
      },
      {
        "sno": 32,
        "params": [
          -9.571128736063784,
          6.680650173449878,
          -4.955862930544399,
          0.05924328829359555,
          0.030374250874256527,
          5.593125966272605e-05,
          -4.800625649211208e-05,
          -9.951559187254735e-08,
          2.781288862880898e-08,
          3.310817547859367e-11,
          -5.349865408359655e-12
        ]
      },
      {
        "sno": 33,
        "params": [
          -9.571128736063784,
          6.680650173449878,
          -4.955862930544399,
          0.05928163553794297,
          0.030374250874256527,
          5.593125966272605e-05,
          -4.800625649211208e-05,
          -9.951559187254735e-08,
          2.781288862880898e-08,
          3.310817547859367e-11,
          -5.349865408359655e-12
        ]
      },
      {
        "sno": 34,
        "params": [
          -9.571128736063784,
          6.680650173449878,
          -4.955862930544399,
          0.05928163553794297,
          0.030374250874256527,
          5.593125966272605e-05,
          -4.800625649211208e-05,
          -9.951559187254735e-08,
          2.781288862880898e-08,
          3.310817547859367e-11,
          -5.349865408359655e-12
        ]
      },
      {
        "sno": 35,
        "params": [
          -9.571128736063784,
          6.680650173449878,
          -4.955862930544399,
          0.05928163553794297,
          0.030374250874256527,
          5.593125966272605e-05,
          -4.800625649211208e-05,
          -9.951559187254735e-08,
          2.781288862880898e-08,
          3.310817547859367e-11,
          -5.349865408359655e-12
        ]
      },
      {
        "sno": 36,
        "params": [
          -9.571128736063784,
          6.680650173449878,
          -4.955862930544399,
          0.05928163553794297,
          0.030374250874256527,
          5.593125966272605e-05,
          -4.800625649211208e-05,
          -9.951559187254735e-08,
          2.781288862880898e-08,
          3.310817547859367e-11,
          -5.349865408359655e-12
        ]
      },
      {
        "sno": 37,
        "params": [
          -9.571128736063784,
          6.680650173449878,
          -4.955862930544399,
          0.05928163553794297,
          0.030374250874256527,
          5.593125966272605e-05,
          -4.800625649211208e-05,
          -9.951559187254735e-08,
          2.781288862880898e-08,
          3.310817547859367e-11,
          -5.349865408359655e-12
        ]
      },
      {
        "sno": 38,
        "params": [
          -9.571128736063784,
          6.680650173449878,
          -4.955862930544399,
          0.05928163553794297,
          0.030374250874256527,
          5.593125966272605e-05,
          -4.800625649211208e-05,
          -9.940176332511661e-08,
          2.781288862880898e-08,
          3.310817547859367e-11,
          -5.345102000890719e-12
        ]
      },
      {
        "sno": 39,
        "params": [
          -9.571128736063784,
          6.680650173449878,
          -4.955862930544399,
          0.05928163553794297,
          0.030374250874256527,
          5.593125966272605e-05,
          -4.800625649211208e-05,
          -9.940176332511661e-08,
          2.781288862880898e-08,
          3.310817547859367e-11,
          -5.349865408359655e-12
        ]
      }
    ],
    "mating_pool": [],
    "after_cross": [],
    "after_mutation": []
  },
  {
    "init_population": [
      {
        "sno": 0,
        "params": [
          -9.571128736063784,
          6.680650173449878,
          -4.955862930544399,
          0.05928163553794297,
          0.030374250874256527,
          5.591043670293229e-05,
          -4.800625649211208e-05,
          -9.965213397646454e-08,
          2.781288862880898e-08,
          3.310817547859367e-11,
          -5.349865408359655e-12
        ]
      },
      {
        "sno": 1,
        "params": [
          -9.571128736063784,
          6.680650173449878,
          -4.955862930544399,
          0.05928163553794297,
          0.030374250874256527,
          5.5941791793931214e-05,
          -4.800625649211208e-05,
          -9.965936901460198e-08,
          2.781288862880898e-08,
          3.310817547859367e-11,
          -5.349865408359655e-12
        ]
      },
      {
        "sno": 2,
        "params": [
          -9.571128736063784,
          6.680650173449878,
          -4.955862930544399,
          0.05928163553794297,
          0.030374250874256527,
          5.591043670293229e-05,
          -4.800625649211208e-05,
          -9.965213397646454e-08,
          2.781288862880898e-08,
          3.310817547859367e-11,
          -5.349865408359655e-12
        ]
      },
      {
        "sno": 3,
        "params": [
          -9.571128736063784,
          6.680650173449878,
          -4.955862930544399,
          0.05928163553794297,
          0.030374250874256527,
          5.591043670293229e-05,
          -4.800625649211208e-05,
          -9.951559187254735e-08,
          2.781288862880898e-08,
          3.308485237812215e-11,
          -5.349865408359655e-12
        ]
      },
      {
        "sno": 4,
        "params": [
          -9.571128736063784,
          6.680650173449878,
          -4.955862930544399,
          0.05928163553794297,
          0.030374250874256527,
          5.591043670293229e-05,
          -4.800625649211208e-05,
          -9.951559187254735e-08,
          2.781288862880898e-08,
          3.310817547859367e-11,
          -5.349865408359655e-12
        ]
      },
      {
        "sno": 5,
        "params": [
          -9.571128736063784,
          6.680650173449878,
          -4.963101257957652,
          0.05928163553794297,
          0.030374250874256527,
          5.591043670293229e-05,
          -4.800625649211208e-05,
          -9.951559187254735e-08,
          2.781288862880898e-08,
          3.308485237812215e-11,
          -5.347924385814045e-12
        ]
      },
      {
        "sno": 6,
        "params": [
          -9.571128736063784,
          6.680650173449878,
          -4.963101257957652,
          0.05928163553794297,
          0.030374250874256527,
          5.591043670293229e-05,
          -4.800625649211208e-05,
          -9.951559187254735e-08,
          2.781288862880898e-08,
          3.310817547859367e-11,
          -5.352600858554306e-12
        ]
      },
      {
        "sno": 7,
        "params": [
          -9.571128736063784,
          6.680650173449878,
          -4.962238357677258,
          0.05928163553794297,
          0.03036784765699366,
          5.591043670293229e-05,
          -4.800625649211208e-05,
          -9.951559187254735e-08,
          2.781288862880898e-08,
          3.310817547859367e-11,
          -5.349865408359655e-12
        ]
      },
      {
        "sno": 8,
        "params": [
          -9.571128736063784,
          6.680650173449878,
          -4.962238357677258,
          0.05928163553794297,
          0.030374250874256527,
          5.591043670293229e-05,
          -4.800625649211208e-05,
          -9.951559187254735e-08,
          2.781288862880898e-08,
          3.310817547859367e-11,
          -5.349865408359655e-12
        ]
      },
      {
        "sno": 9,
        "params": [
          -9.571128736063784,
          6.680650173449878,
          -4.954112682628071,
          0.05928163553794297,
          0.030374250874256527,
          5.586084296908277e-05,
          -4.800625649211208e-05,
          -9.951559187254735e-08,
          2.781288862880898e-08,
          3.310817547859367e-11,
          -5.349865408359655e-12
        ]
      },
      {
        "sno": 10,
        "params": [
          -9.571128736063784,
          6.680650173449878,
          -4.955862930544399,
          0.05928163553794297,
          0.030374250874256527,
          5.591043670293229e-05,
          -4.800625649211208e-05,
          -9.965936901460198e-08,
          2.781288862880898e-08,
          3.310817547859367e-11,
          -5.349865408359655e-12
        ]
      },
      {
        "sno": 11,
        "params": [
          -9.571128736063784,
          6.680650173449878,
          -4.955862930544399,
          0.05928163553794297,
          0.030374250874256527,
          5.591043670293229e-05,
          -4.800625649211208e-05,
          -9.965213397646454e-08,
          2.781288862880898e-08,
          3.310817547859367e-11,
          -5.349865408359655e-12
        ]
      },
      {
        "sno": 12,
        "params": [
          -9.571128736063784,
          6.680650173449878,
          -4.955862930544399,
          0.05928163553794297,
          0.030374250874256527,
          5.591043670293229e-05,
          -4.800625649211208e-05,
          -9.951559187254735e-08,
          2.781288862880898e-08,
          3.308485237812215e-11,
          -5.349865408359655e-12
        ]
      },
      {
        "sno": 13,
        "params": [
          -9.571128736063784,
          6.680650173449878,
          -4.963101257957652,
          0.05928163553794297,
          0.030374250874256527,
          5.591043670293229e-05,
          -4.799785447029035e-05,
          -9.951559187254735e-08,
          2.781288862880898e-08,
          3.310817547859367e-11,
          -5.349865408359655e-12
        ]
      },
      {
        "sno": 14,
        "params": [
          -9.571128736063784,
          6.680650173449878,
          -4.962238357677258,
          0.05928163553794297,
          0.030374250874256527,
          5.591043670293229e-05,
          -4.800625649211208e-05,
          -9.951559187254735e-08,
          2.781288862880898e-08,
          3.310817547859367e-11,
          -5.349865408359655e-12
        ]
      },
      {
        "sno": 15,
        "params": [
          -9.571128736063784,
          6.680650173449878,
          -4.955862930544399,
          0.05928163553794297,
          0.030374250874256527,
          5.586084296908277e-05,
          -4.800625649211208e-05,
          -9.951559187254735e-08,
          2.781288862880898e-08,
          3.310817547859367e-11,
          -5.3469265454845e-12
        ]
      },
      {
        "sno": 16,
        "params": [
          -9.571128736063784,
          6.680650173449878,
          -4.958927791626698,
          0.05928163553794297,
          0.030374250874256527,
          5.591043670293229e-05,
          -4.800625649211208e-05,
          -9.951559187254735e-08,
          2.781288862880898e-08,
          3.310817547859367e-11,
          -5.349865408359655e-12
        ]
      },
      {
        "sno": 17,
        "params": [
          -9.571128736063784,
          6.680650173449878,
          -4.955862930544399,
          0.05928163553794297,
          0.030374250874256527,
          5.591043670293229e-05,
          -4.800625649211208e-05,
          -9.951559187254735e-08,
          2.781288862880898e-08,
          3.310382595038441e-11,
          -5.349865408359655e-12
        ]
      },
      {
        "sno": 18,
        "params": [
          -9.571128736063784,
          6.680650173449878,
          -4.955862930544399,
          0.05928163553794297,
          0.030374250874256527,
          5.589025433395724e-05,
          -4.800625649211208e-05,
          -9.951559187254735e-08,
          2.781288862880898e-08,
          3.310817547859367e-11,
          -5.349865408359655e-12
        ]
      },
      {
        "sno": 19,
        "params": [
          -9.571128736063784,
          6.680650173449878,
          -4.955862930544399,
          0.059249034750363735,
          0.030374250874256527,
          5.591043670293229e-05,
          -4.800625649211208e-05,
          -9.951559187254735e-08,
          2.781288862880898e-08,
          3.310817547859367e-11,
          -5.349865408359655e-12
        ]
      },
      {
        "sno": 20,
        "params": [
          -9.571128736063784,
          6.680650173449878,
          -4.955862930544399,
          0.05927693548948333,
          0.030374250874256527,
          5.591043670293229e-05,
          -4.800625649211208e-05,
          -9.951559187254735e-08,
          2.781288862880898e-08,
          3.310817547859367e-11,
          -5.349865408359655e-12
        ]
      },
      {
        "sno": 21,
        "params": [
          -9.571128736063784,
          6.680650173449878,
          -4.955862930544399,
          0.05928163553794297,
          0.030374250874256527,
          5.591043670293229e-05,
          -4.800625649211208e-05,
          -9.94664257754067e-08,
          2.781288862880898e-08,
          3.310817547859367e-11,
          -5.349865408359655e-12
        ]
      },
      {
        "sno": 22,
        "params": [
          -9.571128736063784,
          6.680650173449878,
          -4.955862930544399,
          0.05928163553794297,
          0.030374250874256527,
          5.591043670293229e-05,
          -4.800625649211208e-05,
          -9.951559187254735e-08,
          2.781288862880898e-08,
          3.310817547859367e-11,
          -5.349865408359655e-12
        ]
      },
      {
        "sno": 23,
        "params": [
          -9.571128736063784,
          6.680650173449878,
          -4.955862930544399,
          0.05928163553794297,
          0.030374250874256527,
          5.589568653860041e-05,
          -4.800625649211208e-05,
          -9.951559187254735e-08,
          2.781288862880898e-08,
          3.310817547859367e-11,
          -5.349865408359655e-12
        ]
      },
      {
        "sno": 24,
        "params": [
          -9.571128736063784,
          6.680650173449878,
          -4.955862930544399,
          0.05928163553794297,
          0.030374250874256527,
          5.591043670293229e-05,
          -4.8069557762742016e-05,
          -9.951559187254735e-08,
          2.781288862880898e-08,
          3.310817547859367e-11,
          -5.349865408359655e-12
        ]
      },
      {
        "sno": 25,
        "params": [
          -9.571128736063784,
          6.68297222492264,
          -4.955862930544399,
          0.05928163553794297,
          0.030374250874256527,
          5.591043670293229e-05,
          -4.800625649211208e-05,
          -9.951559187254735e-08,
          2.781288862880898e-08,
          3.310817547859367e-11,
          -5.349865408359655e-12
        ]
      },
      {
        "sno": 26,
        "params": [
          -9.574571828867091,
          6.680650173449878,
          -4.955862930544399,
          0.05928163553794297,
          0.030374250874256527,
          5.591043670293229e-05,
          -4.800625649211208e-05,
          -9.951559187254735e-08,
          2.781288862880898e-08,
          3.310817547859367e-11,
          -5.349865408359655e-12
        ]
      },
      {
        "sno": 27,
        "params": [
          -9.571128736063784,
          6.680650173449878,
          -4.955862930544399,
          0.05928163553794297,
          0.030374250874256527,
          5.591043670293229e-05,
          -4.800625649211208e-05,
          -9.951559187254735e-08,
          2.781288862880898e-08,
          3.310817547859367e-11,
          -5.349865408359655e-12
        ]
      },
      {
        "sno": 28,
        "params": [
          -9.571128736063784,
          6.680650173449878,
          -4.955862930544399,
          0.05928163553794297,
          0.030374250874256527,
          5.591043670293229e-05,
          -4.800625649211208e-05,
          -9.951559187254735e-08,
          2.781288862880898e-08,
          3.310817547859367e-11,
          -5.349865408359655e-12
        ]
      },
      {
        "sno": 29,
        "params": [
          -9.571128736063784,
          6.680650173449878,
          -4.955862930544399,
          0.05928163553794297,
          0.030374250874256527,
          5.591043670293229e-05,
          -4.800625649211208e-05,
          -9.951559187254735e-08,
          2.781288862880898e-08,
          3.307393455726088e-11,
          -5.349865408359655e-12
        ]
      },
      {
        "sno": 30,
        "params": [
          -9.580686007832599,
          6.680650173449878,
          -4.955862930544399,
          0.05928163553794297,
          0.030374250874256527,
          5.591043670293229e-05,
          -4.800625649211208e-05,
          -9.951559187254735e-08,
          2.781288862880898e-08,
          3.310817547859367e-11,
          -5.349865408359655e-12
        ]
      },
      {
        "sno": 31,
        "params": [
          -9.571128736063784,
          6.680650173449878,
          -4.955862930544399,
          0.05928163553794297,
          0.030374250874256527,
          5.591043670293229e-05,
          -4.800625649211208e-05,
          -9.951559187254735e-08,
          2.781288862880898e-08,
          3.310817547859367e-11,
          -5.349865408359655e-12
        ]
      },
      {
        "sno": 32,
        "params": [
          -9.571128736063784,
          6.680650173449878,
          -4.955862930544399,
          0.05928163553794297,
          0.030374250874256527,
          5.591043670293229e-05,
          -4.800625649211208e-05,
          -9.951559187254735e-08,
          2.781288862880898e-08,
          3.310817547859367e-11,
          -5.349865408359655e-12
        ]
      },
      {
        "sno": 33,
        "params": [
          -9.571128736063784,
          6.680650173449878,
          -4.955862930544399,
          0.05928163553794297,
          0.030374250874256527,
          5.591043670293229e-05,
          -4.800625649211208e-05,
          -9.951559187254735e-08,
          2.781288862880898e-08,
          3.310817547859367e-11,
          -5.349865408359655e-12
        ]
      },
      {
        "sno": 34,
        "params": [
          -9.571128736063784,
          6.680650173449878,
          -4.955862930544399,
          0.05928163553794297,
          0.030374250874256527,
          5.591043670293229e-05,
          -4.800625649211208e-05,
          -9.951559187254735e-08,
          2.781288862880898e-08,
          3.310817547859367e-11,
          -5.349865408359655e-12
        ]
      },
      {
        "sno": 35,
        "params": [
          -9.571128736063784,
          6.680650173449878,
          -4.955862930544399,
          0.05928163553794297,
          0.030374250874256527,
          5.591043670293229e-05,
          -4.800625649211208e-05,
          -9.951559187254735e-08,
          2.781288862880898e-08,
          3.310817547859367e-11,
          -5.349865408359655e-12
        ]
      },
      {
        "sno": 36,
        "params": [
          -9.571128736063784,
          6.680650173449878,
          -4.953310656556899,
          0.05928163553794297,
          0.030374250874256527,
          5.591043670293229e-05,
          -4.800625649211208e-05,
          -9.951559187254735e-08,
          2.781288862880898e-08,
          3.310817547859367e-11,
          -5.349865408359655e-12
        ]
      },
      {
        "sno": 37,
        "params": [
          -9.571128736063784,
          6.691551495061698,
          -4.955862930544399,
          0.05928163553794297,
          0.030374250874256527,
          5.591043670293229e-05,
          -4.800625649211208e-05,
          -9.951559187254735e-08,
          2.781288862880898e-08,
          3.310817547859367e-11,
          -5.349865408359655e-12
        ]
      },
      {
        "sno": 38,
        "params": [
          -9.571128736063784,
          6.680650173449878,
          -4.955862930544399,
          0.05928163553794297,
          0.030374250874256527,
          5.591043670293229e-05,
          -4.800625649211208e-05,
          -9.951559187254735e-08,
          2.781288862880898e-08,
          3.310817547859367e-11,
          -5.349865408359655e-12
        ]
      },
      {
        "sno": 39,
        "params": [
          -9.571128736063784,
          6.680650173449878,
          -4.955862930544399,
          0.05928163553794297,
          0.030374250874256527,
          5.591043670293229e-05,
          -4.800625649211208e-05,
          -9.951559187254735e-08,
          2.781288862880898e-08,
          3.310817547859367e-11,
          -5.349865408359655e-12
        ]
      }
    ],
    "mating_pool": [],
    "after_cross": [],
    "after_mutation": []
  },
  {
    "init_population": [
      {
        "sno": 0,
        "params": [
          -9.571128736063784,
          6.680650173449878,
          -4.955862930544399,
          0.05928163553794297,
          0.030374250874256527,
          5.591043670293229e-05,
          -4.800625649211208e-05,
          -9.965936901460198e-08,
          2.781288862880898e-08,
          3.310817547859367e-11,
          -5.349865408359655e-12
        ]
      },
      {
        "sno": 1,
        "params": [
          -9.571128736063784,
          6.680650173449878,
          -4.963101257957652,
          0.05928163553794297,
          0.030374250874256527,
          5.591043670293229e-05,
          -4.800625649211208e-05,
          -9.937081601932431e-08,
          2.781288862880898e-08,
          3.310817547859367e-11,
          -5.352600858554306e-12
        ]
      },
      {
        "sno": 2,
        "params": [
          -9.571128736063784,
          6.676643365567533,
          -4.955862930544399,
          0.05928163553794297,
          0.030374250874256527,
          5.591043670293229e-05,
          -4.800625649211208e-05,
          -9.965213397646454e-08,
          2.781288862880898e-08,
          3.310817547859367e-11,
          -5.349865408359655e-12
        ]
      },
      {
        "sno": 3,
        "params": [
          -9.571128736063784,
          6.680650173449878,
          -4.955862930544399,
          0.05928163553794297,
          0.030374250874256527,
          5.591043670293229e-05,
          -4.800625649211208e-05,
          -9.965936901460198e-08,
          2.781288862880898e-08,
          3.310817547859367e-11,
          -5.349865408359655e-12
        ]
      },
      {
        "sno": 4,
        "params": [
          -9.571128736063784,
          6.680650173449878,
          -4.955862930544399,
          0.05928163553794297,
          0.030374250874256527,
          5.591043670293229e-05,
          -4.800625649211208e-05,
          -9.965213397646454e-08,
          2.781288862880898e-08,
          3.310817547859367e-11,
          -5.349865408359655e-12
        ]
      },
      {
        "sno": 5,
        "params": [
          -9.571128736063784,
          6.680650173449878,
          -4.955862930544399,
          0.059192015651292285,
          0.030374250874256527,
          5.591043670293229e-05,
          -4.800625649211208e-05,
          -9.965213397646454e-08,
          2.781288862880898e-08,
          3.310817547859367e-11,
          -5.349865408359655e-12
        ]
      },
      {
        "sno": 6,
        "params": [
          -9.571128736063784,
          6.680650173449878,
          -4.955862930544399,
          0.05928163553794297,
          0.030374250874256527,
          5.591043670293229e-05,
          -4.800625649211208e-05,
          -9.965213397646454e-08,
          2.781288862880898e-08,
          3.310817547859367e-11,
          -5.349865408359655e-12
        ]
      },
      {
        "sno": 7,
        "params": [
          -9.571128736063784,
          6.680650173449878,
          -4.955862930544399,
          0.05928163553794297,
          0.030374250874256527,
          5.591043670293229e-05,
          -4.800625649211208e-05,
          -9.965213397646454e-08,
          2.781288862880898e-08,
          3.310817547859367e-11,
          -5.349865408359655e-12
        ]
      },
      {
        "sno": 8,
        "params": [
          -9.571128736063784,
          6.680650173449878,
          -4.955862930544399,
          0.05928163553794297,
          0.030374250874256527,
          5.5941791793931214e-05,
          -4.805818468606626e-05,
          -9.965936901460198e-08,
          2.781288862880898e-08,
          3.310817547859367e-11,
          -5.349865408359655e-12
        ]
      },
      {
        "sno": 9,
        "params": [
          -9.571128736063784,
          6.680650173449878,
          -4.955862930544399,
          0.05928163553794297,
          0.030374250874256527,
          5.591043670293229e-05,
          -4.800625649211208e-05,
          -9.965213397646454e-08,
          2.781288862880898e-08,
          3.310817547859367e-11,
          -5.349865408359655e-12
        ]
      },
      {
        "sno": 10,
        "params": [
          -9.571128736063784,
          6.680650173449878,
          -4.963101257957652,
          0.05932861446620436,
          0.030374250874256527,
          5.591043670293229e-05,
          -4.800625649211208e-05,
          -9.951559187254735e-08,
          2.781288862880898e-08,
          3.310817547859367e-11,
          -5.352600858554306e-12
        ]
      },
      {
        "sno": 11,
        "params": [
          -9.571128736063784,
          6.680650173449878,
          -4.955862930544399,
          0.05928163553794297,
          0.030374250874256527,
          5.591043670293229e-05,
          -4.800625649211208e-05,
          -9.965936901460198e-08,
          2.781288862880898e-08,
          3.310817547859367e-11,
          -5.349865408359655e-12
        ]
      },
      {
        "sno": 12,
        "params": [
          -9.571128736063784,
          6.680650173449878,
          -4.955862930544399,
          0.05928163553794297,
          0.030374250874256527,
          5.591043670293229e-05,
          -4.800625649211208e-05,
          -9.965213397646454e-08,
          2.781288862880898e-08,
          3.310817547859367e-11,
          -5.349865408359655e-12
        ]
      },
      {
        "sno": 13,
        "params": [
          -9.571128736063784,
          6.680650173449878,
          -4.955862930544399,
          0.05928163553794297,
          0.030374250874256527,
          5.591043670293229e-05,
          -4.800625649211208e-05,
          -9.965213397646454e-08,
          2.781288862880898e-08,
          3.3083449984564395e-11,
          -5.349865408359655e-12
        ]
      },
      {
        "sno": 14,
        "params": [
          -9.571128736063784,
          6.680650173449878,
          -4.955862930544399,
          0.05928163553794297,
          0.030374250874256527,
          5.591043670293229e-05,
          -4.800625649211208e-05,
          -9.965213397646454e-08,
          2.781288862880898e-08,
          3.310817547859367e-11,
          -5.349865408359655e-12
        ]
      },
      {
        "sno": 15,
        "params": [
          -9.571128736063784,
          6.680650173449878,
          -4.955862930544399,
          0.05928163553794297,
          0.030374250874256527,
          5.5941791793931214e-05,
          -4.800625649211208e-05,
          -9.965936901460198e-08,
          2.7789283499023924e-08,
          3.310817547859367e-11,
          -5.349865408359655e-12
        ]
      },
      {
        "sno": 16,
        "params": [
          -9.571128736063784,
          6.680650173449878,
          -4.962238357677258,
          0.05920779924661522,
          0.03036784765699366,
          5.591043670293229e-05,
          -4.800625649211208e-05,
          -9.951559187254735e-08,
          2.781288862880898e-08,
          3.310817547859367e-11,
          -5.349865408359655e-12
        ]
      },
      {
        "sno": 17,
        "params": [
          -9.571128736063784,
          6.680650173449878,
          -4.955862930544399,
          0.05928163553794297,
          0.030374250874256527,
          5.591043670293229e-05,
          -4.800625649211208e-05,
          -9.951559187254735e-08,
          2.7838813049718397e-08,
          3.307393455726088e-11,
          -5.349865408359655e-12
        ]
      },
      {
        "sno": 18,
        "params": [
          -9.571128736063784,
          6.680650173449878,
          -4.955862930544399,
          0.059370478847563024,
          0.030374250874256527,
          5.591043670293229e-05,
          -4.800625649211208e-05,
          -9.951559187254735e-08,
          2.781288862880898e-08,
          3.308485237812215e-11,
          -5.349865408359655e-12
        ]
      },
      {
        "sno": 19,
        "params": [
          -9.571128736063784,
          6.680650173449878,
          -4.955862930544399,
          0.05928163553794297,
          0.030374250874256527,
          5.591043670293229e-05,
          -4.800625649211208e-05,
          -9.951559187254735e-08,
          2.785384027020383e-08,
          3.308485237812215e-11,
          -5.349865408359655e-12
        ]
      },
      {
        "sno": 20,
        "params": [
          -9.571128736063784,
          6.680650173449878,
          -4.962238357677258,
          0.05928163553794297,
          0.030374250874256527,
          5.591043670293229e-05,
          -4.800625649211208e-05,
          -9.935460841060143e-08,
          2.781288862880898e-08,
          3.310817547859367e-11,
          -5.349865408359655e-12
        ]
      },
      {
        "sno": 21,
        "params": [
          -9.571128736063784,
          6.680650173449878,
          -4.962238357677258,
          0.05928163553794297,
          0.030374250874256527,
          5.591043670293229e-05,
          -4.800625649211208e-05,
          -9.951559187254735e-08,
          2.781288862880898e-08,
          3.310817547859367e-11,
          -5.349865408359655e-12
        ]
      },
      {
        "sno": 22,
        "params": [
          -9.571128736063784,
          6.680650173449878,
          -4.958927791626698,
          0.05928163553794297,
          0.030374250874256527,
          5.591043670293229e-05,
          -4.800625649211208e-05,
          -9.951559187254735e-08,
          2.7815829981442422e-08,
          3.310817547859367e-11,
          -5.349865408359655e-12
        ]
      },
      {
        "sno": 23,
        "params": [
          -9.571128736063784,
          6.680650173449878,
          -4.955862930544399,
          0.05928163553794297,
          0.030374250874256527,
          5.591043670293229e-05,
          -4.800625649211208e-05,
          -9.951559187254735e-08,
          2.781288862880898e-08,
          3.310382595038441e-11,
          -5.349865408359655e-12
        ]
      },
      {
        "sno": 24,
        "params": [
          -9.571128736063784,
          6.680650173449878,
          -4.954112682628071,
          0.05928163553794297,
          0.030374250874256527,
          5.586084296908277e-05,
          -4.800625649211208e-05,
          -9.951559187254735e-08,
          2.781288862880898e-08,
          3.310817547859367e-11,
          -5.349865408359655e-12
        ]
      },
      {
        "sno": 25,
        "params": [
          -9.571128736063784,
          6.680650173449878,
          -4.955862930544399,
          0.05928163553794297,
          0.030374250874256527,
          5.589025433395724e-05,
          -4.800625649211208e-05,
          -9.956626756656571e-08,
          2.781288862880898e-08,
          3.310817547859367e-11,
          -5.349865408359655e-12
        ]
      },
      {
        "sno": 26,
        "params": [
          -9.571128736063784,
          6.680650173449878,
          -4.955862930544399,
          0.05928163553794297,
          0.030374250874256527,
          5.589568653860041e-05,
          -4.800625649211208e-05,
          -9.951559187254735e-08,
          2.781288862880898e-08,
          3.310817547859367e-11,
          -5.349865408359655e-12
        ]
      },
      {
        "sno": 27,
        "params": [
          -9.571128736063784,
          6.680650173449878,
          -4.955862930544399,
          0.059249034750363735,
          0.030374250874256527,
          5.591043670293229e-05,
          -4.800625649211208e-05,
          -9.951559187254735e-08,
          2.781288862880898e-08,
          3.310817547859367e-11,
          -5.349865408359655e-12
        ]
      },
      {
        "sno": 28,
        "params": [
          -9.571128736063784,
          6.680650173449878,
          -4.955862930544399,
          0.05927693548948333,
          0.030374250874256527,
          5.591043670293229e-05,
          -4.800625649211208e-05,
          -9.951559187254735e-08,
          2.781288862880898e-08,
          3.310817547859367e-11,
          -5.349865408359655e-12
        ]
      },
      {
        "sno": 29,
        "params": [
          -9.580686007832599,
          6.680650173449878,
          -4.955862930544399,
          0.05928163553794297,
          0.030374250874256527,
          5.591043670293229e-05,
          -4.800625649211208e-05,
          -9.951559187254735e-08,
          2.781288862880898e-08,
          3.310817547859367e-11,
          -5.3504313784982735e-12
        ]
      },
      {
        "sno": 30,
        "params": [
          -9.574571828867091,
          6.680650173449878,
          -4.955862930544399,
          0.05928163553794297,
          0.030374250874256527,
          5.591043670293229e-05,
          -4.800625649211208e-05,
          -9.951559187254735e-08,
          2.781288862880898e-08,
          3.310817547859367e-11,
          -5.349865408359655e-12
        ]
      },
      {
        "sno": 31,
        "params": [
          -9.571128736063784,
          6.680650173449878,
          -4.955862930544399,
          0.05928163553794297,
          0.030374250874256527,
          5.591043670293229e-05,
          -4.800625649211208e-05,
          -9.951559187254735e-08,
          2.781288862880898e-08,
          3.310817547859367e-11,
          -5.349865408359655e-12
        ]
      },
      {
        "sno": 32,
        "params": [
          -9.571128736063784,
          6.680650173449878,
          -4.955862930544399,
          0.05928163553794297,
          0.030374250874256527,
          5.591043670293229e-05,
          -4.800625649211208e-05,
          -9.951559187254735e-08,
          2.781288862880898e-08,
          3.310817547859367e-11,
          -5.349865408359655e-12
        ]
      },
      {
        "sno": 33,
        "params": [
          -9.571128736063784,
          6.680650173449878,
          -4.955862930544399,
          0.05928163553794297,
          0.030374250874256527,
          5.591043670293229e-05,
          -4.800625649211208e-05,
          -9.951559187254735e-08,
          2.781288862880898e-08,
          3.310817547859367e-11,
          -5.349865408359655e-12
        ]
      },
      {
        "sno": 34,
        "params": [
          -9.571128736063784,
          6.680650173449878,
          -4.955862930544399,
          0.059336332645571345,
          0.030374250874256527,
          5.591043670293229e-05,
          -4.800625649211208e-05,
          -9.951559187254735e-08,
          2.781288862880898e-08,
          3.310817547859367e-11,
          -5.349865408359655e-12
        ]
      },
      {
        "sno": 35,
        "params": [
          -9.571128736063784,
          6.680650173449878,
          -4.955862930544399,
          0.05928163553794297,
          0.030374250874256527,
          5.591043670293229e-05,
          -4.800625649211208e-05,
          -9.951559187254735e-08,
          2.781288862880898e-08,
          3.310817547859367e-11,
          -5.349865408359655e-12
        ]
      },
      {
        "sno": 36,
        "params": [
          -9.571128736063784,
          6.680650173449878,
          -4.955862930544399,
          0.05928163553794297,
          0.030374250874256527,
          5.591203529290879e-05,
          -4.800625649211208e-05,
          -9.951559187254735e-08,
          2.781288862880898e-08,
          3.310817547859367e-11,
          -5.349865408359655e-12
        ]
      },
      {
        "sno": 37,
        "params": [
          -9.571128736063784,
          6.680650173449878,
          -4.955862930544399,
          0.05928163553794297,
          0.030374250874256527,
          5.591043670293229e-05,
          -4.800625649211208e-05,
          -9.951559187254735e-08,
          2.781288862880898e-08,
          3.310817547859367e-11,
          -5.349865408359655e-12
        ]
      },
      {
        "sno": 38,
        "params": [
          -9.571128736063784,
          6.680650173449878,
          -4.955862930544399,
          0.05928163553794297,
          0.030374250874256527,
          5.591043670293229e-05,
          -4.800625649211208e-05,
          -9.951559187254735e-08,
          2.781288862880898e-08,
          3.310817547859367e-11,
          -5.349865408359655e-12
        ]
      },
      {
        "sno": 39,
        "params": [
          -9.571128736063784,
          6.680650173449878,
          -4.955862930544399,
          0.05928163553794297,
          0.030374250874256527,
          5.591043670293229e-05,
          -4.800625649211208e-05,
          -9.951559187254735e-08,
          2.781288862880898e-08,
          3.310817547859367e-11,
          -5.349865408359655e-12
        ]
      }
    ],
    "mating_pool": [],
    "after_cross": [],
    "after_mutation": []
  },
  {
    "init_population": [
      {
        "sno": 0,
        "params": [
          -9.571128736063784,
          6.680650173449878,
          -4.963101257957652,
          0.05928163553794297,
          0.030374250874256527,
          5.5941791793931214e-05,
          -4.800625649211208e-05,
          -9.965936901460198e-08,
          2.7789283499023924e-08,
          3.310817547859367e-11,
          -5.349865408359655e-12
        ]
      },
      {
        "sno": 1,
        "params": [
          -9.571128736063784,
          6.680650173449878,
          -4.955862930544399,
          0.05932861446620436,
          0.030374250874256527,
          5.591043670293229e-05,
          -4.800625649211208e-05,
          -9.951559187254735e-08,
          2.7848501063212123e-08,
          3.310817547859367e-11,
          -5.352600858554306e-12
        ]
      },
      {
        "sno": 2,
        "params": [
          -9.571128736063784,
          6.676102204601635,
          -4.955862930544399,
          0.05928163553794297,
          0.030374250874256527,
          5.5941791793931214e-05,
          -4.800625649211208e-05,
          -9.965936901460198e-08,
          2.7789283499023924e-08,
          3.310817547859367e-11,
          -5.349865408359655e-12
        ]
      },
      {
        "sno": 3,
        "params": [
          -9.571128736063784,
          6.680650173449878,
          -4.955862930544399,
          0.05928163553794297,
          0.030374250874256527,
          5.591043670293229e-05,
          -4.800625649211208e-05,
          -9.965213397646454e-08,
          2.781288862880898e-08,
          3.3083449984564395e-11,
          -5.349865408359655e-12
        ]
      },
      {
        "sno": 4,
        "params": [
          -9.571128736063784,
          6.680650173449878,
          -4.955862930544399,
          0.05928163553794297,
          0.030374250874256527,
          5.591043670293229e-05,
          -4.805818468606626e-05,
          -9.965936901460198e-08,
          2.781288862880898e-08,
          3.310817547859367e-11,
          -5.349865408359655e-12
        ]
      },
      {
        "sno": 5,
        "params": [
          -9.571128736063784,
          6.680650173449878,
          -4.955862930544399,
          0.05928163553794297,
          0.030374250874256527,
          5.5941791793931214e-05,
          -4.800625649211208e-05,
          -9.965213397646454e-08,
          2.781288862880898e-08,
          3.3083449984564395e-11,
          -5.349865408359655e-12
        ]
      },
      {
        "sno": 6,
        "params": [
          -9.571128736063784,
          6.680650173449878,
          -4.955862930544399,
          0.05928163553794297,
          0.030374250874256527,
          5.5941791793931214e-05,
          -4.805818468606626e-05,
          -9.965936901460198e-08,
          2.781288862880898e-08,
          3.310817547859367e-11,
          -5.349865408359655e-12
        ]
      },
      {
        "sno": 7,
        "params": [
          -9.571128736063784,
          6.680650173449878,
          -4.955862930544399,
          0.059192015651292285,
          0.030374250874256527,
          5.591043670293229e-05,
          -4.800625649211208e-05,
          -9.965213397646454e-08,
          2.781288862880898e-08,
          3.310817547859367e-11,
          -5.349865408359655e-12
        ]
      },
      {
        "sno": 8,
        "params": [
          -9.571128736063784,
          6.680650173449878,
          -4.955862930544399,
          0.05928163553794297,
          0.030374250874256527,
          5.591043670293229e-05,
          -4.808325870516183e-05,
          -9.965936901460198e-08,
          2.781288862880898e-08,
          3.310817547859367e-11,
          -5.349865408359655e-12
        ]
      },
      {
        "sno": 9,
        "params": [
          -9.571128736063784,
          6.680650173449878,
          -4.955862930544399,
          0.059192015651292285,
          0.030374250874256527,
          5.591043670293229e-05,
          -4.800625649211208e-05,
          -9.965213397646454e-08,
          2.781288862880898e-08,
          3.310817547859367e-11,
          -5.349865408359655e-12
        ]
      },
      {
        "sno": 10,
        "params": [
          -9.5790372570083,
          6.680650173449878,
          -4.963101257957652,
          0.05932861446620436,
          0.030374250874256527,
          5.591043670293229e-05,
          -4.800625649211208e-05,
          -9.951559187254735e-08,
          2.781288862880898e-08,
          3.310817547859367e-11,
          -5.352600858554306e-12
        ]
      },
      {
        "sno": 11,
        "params": [
          -9.57119923435858,
          6.680650173449878,
          -4.955862930544399,
          0.05928163553794297,
          0.030374250874256527,
          5.5941791793931214e-05,
          -4.800625649211208e-05,
          -9.965936901460198e-08,
          2.7789283499023924e-08,
          3.310817547859367e-11,
          -5.349865408359655e-12
        ]
      },
      {
        "sno": 12,
        "params": [
          -9.568569043619645,
          6.680650173449878,
          -4.955862930544399,
          0.05928163553794297,
          0.030374250874256527,
          5.591043670293229e-05,
          -4.800625649211208e-05,
          -9.965213397646454e-08,
          2.781288862880898e-08,
          3.3083449984564395e-11,
          -5.349865408359655e-12
        ]
      },
      {
        "sno": 13,
        "params": [
          -9.571128736063784,
          6.680650173449878,
          -4.955862930544399,
          0.05928163553794297,
          0.030374250874256527,
          5.5941791793931214e-05,
          -4.805818468606626e-05,
          -9.965936901460198e-08,
          2.781288862880898e-08,
          3.307143238259818e-11,
          -5.349865408359655e-12
        ]
      },
      {
        "sno": 14,
        "params": [
          -9.571128736063784,
          6.680650173449878,
          -4.962260761549737,
          0.059192015651292285,
          0.030374250874256527,
          5.591043670293229e-05,
          -4.800625649211208e-05,
          -9.965213397646454e-08,
          2.781288862880898e-08,
          3.310817547859367e-11,
          -5.349865408359655e-12
        ]
      },
      {
        "sno": 15,
        "params": [
          -9.571128736063784,
          6.680650173449878,
          -4.955862930544399,
          0.05919545889796387,
          0.030374250874256527,
          5.591043670293229e-05,
          -4.800625649211208e-05,
          -9.965936901460198e-08,
          2.781288862880898e-08,
          3.310817547859367e-11,
          -5.349865408359655e-12
        ]
      },
      {
        "sno": 16,
        "params": [
          -9.571128736063784,
          6.680650173449878,
          -4.955862930544399,
          0.05928163553794297,
          0.030374250874256527,
          5.591043670293229e-05,
          -4.800625649211208e-05,
          -9.965936901460198e-08,
          2.781288862880898e-08,
          3.310817547859367e-11,
          -5.349865408359655e-12
        ]
      },
      {
        "sno": 17,
        "params": [
          -9.571128736063784,
          6.680650173449878,
          -4.955862930544399,
          0.05928163553794297,
          0.030374250874256527,
          5.591043670293229e-05,
          -4.800625649211208e-05,
          -9.965936901460198e-08,
          2.781288862880898e-08,
          3.310817547859367e-11,
          -5.349865408359655e-12
        ]
      },
      {
        "sno": 18,
        "params": [
          -9.571128736063784,
          6.684628500463664,
          -4.955862930544399,
          0.05928163553794297,
          0.030374250874256527,
          5.591043670293229e-05,
          -4.800625649211208e-05,
          -9.965213397646454e-08,
          2.781288862880898e-08,
          3.310817547859367e-11,
          -5.349865408359655e-12
        ]
      },
      {
        "sno": 19,
        "params": [
          -9.571128736063784,
          6.680650173449878,
          -4.955862930544399,
          0.05928163553794297,
          0.030374250874256527,
          5.591043670293229e-05,
          -4.80381218067692e-05,
          -9.965213397646454e-08,
          2.781288862880898e-08,
          3.310817547859367e-11,
          -5.349865408359655e-12
        ]
      },
      {
        "sno": 20,
        "params": [
          -9.571128736063784,
          6.680650173449878,
          -4.955862930544399,
          0.05928163553794297,
          0.030374250874256527,
          5.591043670293229e-05,
          -4.800625649211208e-05,
          -9.965213397646454e-08,
          2.781288862880898e-08,
          3.310817547859367e-11,
          -5.349865408359655e-12
        ]
      },
      {
        "sno": 21,
        "params": [
          -9.571128736063784,
          6.680650173449878,
          -4.955862930544399,
          0.05928163553794297,
          0.030359862709091565,
          5.591043670293229e-05,
          -4.800625649211208e-05,
          -9.965213397646454e-08,
          2.781288862880898e-08,
          3.310817547859367e-11,
          -5.349865408359655e-12
        ]
      },
      {
        "sno": 22,
        "params": [
          -9.571128736063784,
          6.680650173449878,
          -4.955862930544399,
          0.05928163553794297,
          0.030374250874256527,
          5.591043670293229e-05,
          -4.800625649211208e-05,
          -9.965213397646454e-08,
          2.781288862880898e-08,
          3.310817547859367e-11,
          -5.349865408359655e-12
        ]
      },
      {
        "sno": 23,
        "params": [
          -9.571128736063784,
          6.680650173449878,
          -4.955862930544399,
          0.05928163553794297,
          0.030374250874256527,
          5.591043670293229e-05,
          -4.800625649211208e-05,
          -9.965213397646454e-08,
          2.781288862880898e-08,
          3.310817547859367e-11,
          -5.349865408359655e-12
        ]
      },
      {
        "sno": 24,
        "params": [
          -9.571128736063784,
          6.676643365567533,
          -4.955862930544399,
          0.05928163553794297,
          0.030374250874256527,
          5.591043670293229e-05,
          -4.800625649211208e-05,
          -9.965213397646454e-08,
          2.781288862880898e-08,
          3.310817547859367e-11,
          -5.349865408359655e-12
        ]
      },
      {
        "sno": 25,
        "params": [
          -9.571128736063784,
          6.680650173449878,
          -4.962238357677258,
          0.05920779924661522,
          0.03036784765699366,
          5.591043670293229e-05,
          -4.800625649211208e-05,
          -9.951559187254735e-08,
          2.781288862880898e-08,
          3.310817547859367e-11,
          -5.349865408359655e-12
        ]
      },
      {
        "sno": 26,
        "params": [
          -9.571128736063784,
          6.680650173449878,
          -4.963101257957652,
          -0.7169777896460429,
          0.030374250874256527,
          5.591043670293229e-05,
          -4.800625649211208e-05,
          -9.937081601932431e-08,
          2.781288862880898e-08,
          3.310817547859367e-11,
          -5.352600858554306e-12
        ]
      },
      {
        "sno": 27,
        "params": [
          -9.580686007832599,
          6.680650173449878,
          -4.955862930544399,
          0.05928163553794297,
          0.03037626526468849,
          5.591043670293229e-05,
          -4.800625649211208e-05,
          -9.951559187254735e-08,
          2.781288862880898e-08,
          3.310817547859367e-11,
          -5.3504313784982735e-12
        ]
      },
      {
        "sno": 28,
        "params": [
          -9.571128736063784,
          6.680650173449878,
          -4.955862930544399,
          0.05928163553794297,
          0.030407627554176662,
          5.589025433395724e-05,
          -4.800625649211208e-05,
          -9.956626756656571e-08,
          2.781288862880898e-08,
          3.310817547859367e-11,
          -5.349865408359655e-12
        ]
      },
      {
        "sno": 29,
        "params": [
          -9.571128736063784,
          6.680650173449878,
          -4.955862930544399,
          0.059370478847563024,
          0.030374250874256527,
          5.591043670293229e-05,
          -4.800625649211208e-05,
          -9.951559187254735e-08,
          2.781288862880898e-08,
          3.308485237812215e-11,
          -5.349865408359655e-12
        ]
      },
      {
        "sno": 30,
        "params": [
          -9.571128736063784,
          6.680650173449878,
          -4.962238357677258,
          0.05928163553794297,
          0.030374250874256527,
          5.591043670293229e-05,
          -4.800625649211208e-05,
          -9.951559187254735e-08,
          2.781288862880898e-08,
          3.310817547859367e-11,
          -5.349865408359655e-12
        ]
      },
      {
        "sno": 31,
        "params": [
          -9.571128736063784,
          6.680650173449878,
          -4.955862930544399,
          0.05928163553794297,
          0.030374250874256527,
          5.591043670293229e-05,
          -4.800625649211208e-05,
          -9.951559187254735e-08,
          2.781288862880898e-08,
          3.310382595038441e-11,
          -5.349865408359655e-12
        ]
      },
      {
        "sno": 32,
        "params": [
          -9.571128736063784,
          6.680650173449878,
          -4.954112682628071,
          0.05928163553794297,
          0.030374250874256527,
          5.586084296908277e-05,
          -4.800625649211208e-05,
          -9.951559187254735e-08,
          2.781288862880898e-08,
          3.310817547859367e-11,
          -5.349865408359655e-12
        ]
      },
      {
        "sno": 33,
        "params": [
          -9.571128736063784,
          6.680650173449878,
          -4.955862930544399,
          0.05928163553794297,
          0.030374250874256527,
          5.589568653860041e-05,
          -4.800625649211208e-05,
          -9.951559187254735e-08,
          2.781288862880898e-08,
          3.310817547859367e-11,
          -5.349865408359655e-12
        ]
      },
      {
        "sno": 34,
        "params": [
          -9.571128736063784,
          6.680650173449878,
          -4.955862930544399,
          0.059249034750363735,
          0.030374250874256527,
          5.591043670293229e-05,
          -4.800625649211208e-05,
          -9.951559187254735e-08,
          2.781288862880898e-08,
          3.307795587100809e-11,
          -5.349865408359655e-12
        ]
      },
      {
        "sno": 35,
        "params": [
          -9.571128736063784,
          6.680650173449878,
          -4.955862930544399,
          0.05927693548948333,
          0.030366226989397664,
          5.591043670293229e-05,
          -4.800625649211208e-05,
          -9.951559187254735e-08,
          2.781288862880898e-08,
          3.310817547859367e-11,
          -5.349865408359655e-12
        ]
      },
      {
        "sno": 36,
        "params": [
          -9.574571828867091,
          6.680650173449878,
          -4.955862930544399,
          0.05928163553794297,
          0.030374250874256527,
          5.591043670293229e-05,
          -4.800625649211208e-05,
          -9.951559187254735e-08,
          2.781288862880898e-08,
          3.310817547859367e-11,
          -5.349865408359655e-12
        ]
      },
      {
        "sno": 37,
        "params": [
          -9.571128736063784,
          6.680650173449878,
          -4.955862930544399,
          0.05928163553794297,
          0.030374250874256527,
          5.591043670293229e-05,
          -4.800625649211208e-05,
          -9.951559187254735e-08,
          2.781288862880898e-08,
          3.310817547859367e-11,
          -5.349865408359655e-12
        ]
      },
      {
        "sno": 38,
        "params": [
          -9.571128736063784,
          6.680650173449878,
          -4.955862930544399,
          0.05928163553794297,
          0.030374250874256527,
          5.591043670293229e-05,
          -4.800625649211208e-05,
          -9.951559187254735e-08,
          2.781288862880898e-08,
          3.310817547859367e-11,
          -5.349865408359655e-12
        ]
      },
      {
        "sno": 39,
        "params": [
          -9.571128736063784,
          6.691384453058762,
          -4.955862930544399,
          0.05928163553794297,
          0.030374250874256527,
          5.591043670293229e-05,
          -4.800625649211208e-05,
          -9.951559187254735e-08,
          2.781288862880898e-08,
          3.310817547859367e-11,
          -5.349865408359655e-12
        ]
      }
    ],
    "mating_pool": [],
    "after_cross": [],
    "after_mutation": []
  }
]