[
  {
    "init_population": [
      {
        "sno": 0,
        "params": [
          -9.571128736063784,
          6.680650173449878,
          -4.955862930544399,
          0.05928163553794297,
          0.030374250874256527,
          5.591043670293229e-05,
          -4.800625649211208e-05,
          -9.965936901460198e-08,
          2.781288862880898e-08,
          3.310817547859367e-11,
          -5.349865408359655e-12
        ]
      },
      {
        "sno": 1,
        "params": [
          -9.571128736063784,
          6.680650173449878,
          -4.955862930544399,
          0.05928163553794297,
          0.030374250874256527,
          5.591043670293229e-05,
          -4.800625649211208e-05,
          -9.965213397646454e-08,
          2.781288862880898e-08,
          3.310817547859367e-11,
          -5.349865408359655e-12
        ]
      },
      {
        "sno": 2,
        "params": [
          -9.571128736063784,
          6.680650173449878,
          -4.955862930544399,
          0.05928163553794297,
          0.030374250874256527,
          5.591043670293229e-05,
          -4.800625649211208e-05,
          -9.951559187254735e-08,
          2.781288862880898e-08,
          3.308485237812215e-11,
          -5.349865408359655e-12
        ]
      },
      {
        "sno": 3,
        "params": [
          -9.571128736063784,
          6.680650173449878,
          -4.955862930544399,
          0.05928163553794297,
          0.030374250874256527,
          5.586084296908277e-05,
          -4.800625649211208e-05,
          -9.951559187254735e-08,
          2.781288862880898e-08,
          3.310817547859367e-11,
          -5.349865408359655e-12
        ]
      },
      {
        "sno": 4,
        "params": [
          -9.571128736063784,
          6.680650173449878,
          -4.955862930544399,
          0.05928163553794297,
          0.030374250874256527,
          5.591043670293229e-05,
          -4.800625649211208e-05,
          -9.951559187254735e-08,
          2.781288862880898e-08,
          3.310382595038441e-11,
          -5.349865408359655e-12
        ]
      },
      {
        "sno": 5,
        "params": [
          -9.571128736063784,
          6.680650173449878,
          -4.955862930544399,
          0.05928163553794297,
          0.030374250874256527,
          5.589025433395724e-05,
          -4.800625649211208e-05,
          -9.951559187254735e-08,
          2.781288862880898e-08,
          3.310817547859367e-11,
          -5.349865408359655e-12
        ]
      },
      {
        "sno": 6,
        "params": [
          -9.571128736063784,
          6.680650173449878,
          -4.955862930544399,
          0.059249034750363735,
          0.030374250874256527,
          5.591043670293229e-05,
          -4.800625649211208e-05,
          -9.951559187254735e-08,
          2.781288862880898e-08,
          3.310817547859367e-11,
          -5.349865408359655e-12
        ]
      },
      {
        "sno": 7,
        "params": [
          -9.571128736063784,
          6.680650173449878,
          -4.963101257957652,
          0.05928163553794297,
          0.030374250874256527,
          5.591043670293229e-05,
          -4.800625649211208e-05,
          -9.951559187254735e-08,
          2.781288862880898e-08,
          3.310817547859367e-11,
          -5.349865408359655e-12
        ]
      },
      {
        "sno": 8,
        "params": [
          -9.571128736063784,
          6.680650173449878,
          -4.962238357677258,
          0.05928163553794297,
          0.030374250874256527,
          5.591043670293229e-05,
          -4.800625649211208e-05,
          -9.951559187254735e-08,
          2.781288862880898e-08,
          3.310817547859367e-11,
          -5.349865408359655e-12
        ]
      },
      {
        "sno": 9,
        "params": [
          -9.571128736063784,
          6.680650173449878,
          -4.958927791626698,
          0.05928163553794297,
          0.030374250874256527,
          5.591043670293229e-05,
          -4.800625649211208e-05,
          -9.951559187254735e-08,
          2.781288862880898e-08,
          3.310817547859367e-11,
          -5.349865408359655e-12
        ]
      },
      {
        "sno": 10,
        "params": [
          -9.571128736063784,
          6.680650173449878,
          -4.955862930544399,
          0.05927693548948333,
          0.030374250874256527,
          5.591043670293229e-05,
          -4.800625649211208e-05,
          -9.951559187254735e-08,
          2.781288862880898e-08,
          3.310817547859367e-11,
          -5.349865408359655e-12
        ]
      },
      {
        "sno": 11,
        "params": [
          -9.571128736063784,
          6.680650173449878,
          -4.955862930544399,
          0.05928163553794297,
          0.030374250874256527,
          5.591043670293229e-05,
          -4.800625649211208e-05,
          -9.951559187254735e-08,
          2.781288862880898e-08,
          3.310817547859367e-11,
          -5.349865408359655e-12
        ]
      },
      {
        "sno": 12,
        "params": [
          -9.571128736063784,
          6.680650173449878,
          -4.955862930544399,
          0.05928163553794297,
          0.030374250874256527,
          5.591043670293229e-05,
          -4.800625649211208e-05,
          -9.951559187254735e-08,
          2.781288862880898e-08,
          3.310817547859367e-11,
          -5.349865408359655e-12
        ]
      },
      {
        "sno": 13,
        "params": [
          -9.571128736063784,
          6.680650173449878,
          -4.955862930544399,
          0.05928163553794297,
          0.030374250874256527,
          5.591043670293229e-05,
          -4.800625649211208e-05,
          -9.951559187254735e-08,
          2.781288862880898e-08,
          3.310817547859367e-11,
          -5.349865408359655e-12
        ]
      },
      {
        "sno": 14,
        "params": [
          -9.571128736063784,
          6.680650173449878,
          -4.955862930544399,
          0.05928163553794297,
          0.030374250874256527,
          5.591043670293229e-05,
          -4.800625649211208e-05,
          -9.951559187254735e-08,
          2.781288862880898e-08,
          3.310817547859367e-11,
          -5.349865408359655e-12
        ]
      },
      {
        "sno": 15,
        "params": [
          -9.571128736063784,
          6.680650173449878,
          -4.955862930544399,
          0.05928163553794297,
          0.030374250874256527,
          5.591043670293229e-05,
          -4.800625649211208e-05,
          -9.951559187254735e-08,
          2.781288862880898e-08,
          3.310817547859367e-11,
          -5.349865408359655e-12
        ]
      },
      {
        "sno": 16,
        "params": [
          -9.571128736063784,
          6.680650173449878,
          -4.955862930544399,
          0.05928163553794297,
          0.030374250874256527,
          5.591043670293229e-05,
          -4.800625649211208e-05,
          -9.951559187254735e-08,
          2.781288862880898e-08,
          3.310817547859367e-11,
          -5.349865408359655e-12
        ]
      },
      {
        "sno": 17,
        "params": [
          -9.571128736063784,
          6.680650173449878,
          -4.955862930544399,
          0.05928163553794297,
          0.030374250874256527,
          5.591043670293229e-05,
          -4.800625649211208e-05,
          -9.951559187254735e-08,
          2.781288862880898e-08,
          3.310817547859367e-11,
          -5.349865408359655e-12
        ]
      },
      {
        "sno": 18,
        "params": [
          -9.571128736063784,
          6.680650173449878,
          -4.955862930544399,
          0.05928163553794297,
          0.030374250874256527,
          5.591043670293229e-05,
          -4.800625649211208e-05,
          -9.951559187254735e-08,
          2.781288862880898e-08,
          3.310817547859367e-11,
          -5.349865408359655e-12
        ]
      },
      {
        "sno": 19,
        "params": [
          -9.571128736063784,
          6.680650173449878,
          -4.955862930544399,
          0.05928163553794297,
          0.030374250874256527,
          5.591043670293229e-05,
          -4.800625649211208e-05,
          -9.951559187254735e-08,
          2.781288862880898e-08,
          3.310817547859367e-11,
          -5.349865408359655e-12
        ]
      },
      {
        "sno": 20,
        "params": [
          -9.571128736063784,
          6.680650173449878,
          -4.955862930544399,
          0.05928163553794297,
          0.030374250874256527,
          5.591043670293229e-05,
          -4.800625649211208e-05,
          -9.951559187254735e-08,
          2.781288862880898e-08,
          3.310817547859367e-11,
          -5.349865408359655e-12
        ]
      },
      {
        "sno": 21,
        "params": [
          -9.571128736063784,
          6.680650173449878,
          -4.955862930544399,
          0.05928163553794297,
          0.030374250874256527,
          5.591043670293229e-05,
          -4.800625649211208e-05,
          -9.951559187254735e-08,
          2.781288862880898e-08,
          3.310817547859367e-11,
          -5.349865408359655e-12
        ]
      },
      {
        "sno": 22,
        "params": [
          -9.571128736063784,
          6.680650173449878,
          -4.955862930544399,
          0.05928163553794297,
          0.030374250874256527,
          5.591043670293229e-05,
          -4.800625649211208e-05,
          -9.951559187254735e-08,
          2.781288862880898e-08,
          3.310817547859367e-11,
          -5.349865408359655e-12
        ]
      },
      {
        "sno": 23,
        "params": [
          -9.571128736063784,
          6.680650173449878,
          -4.955862930544399,
          0.05928163553794297,
          0.030374250874256527,
          5.591043670293229e-05,
          -4.800625649211208e-05,
          -9.951559187254735e-08,
          2.781288862880898e-08,
          3.310817547859367e-11,
          -5.349865408359655e-12
        ]
      },
      {
        "sno": 24,
        "params": [
          -9.571128736063784,
          6.680650173449878,
          -4.955862930544399,
          0.05928163553794297,
          0.030374250874256527,
          5.591043670293229e-05,
          -4.800625649211208e-05,
          -9.951559187254735e-08,
          2.781288862880898e-08,
          3.310817547859367e-11,
          -5.349865408359655e-12
        ]
      },
      {
        "sno": 25,
        "params": [
          -9.571128736063784,
          6.680650173449878,
          -4.955862930544399,
          0.05928163553794297,
          0.030374250874256527,
          5.591043670293229e-05,
          -4.800625649211208e-05,
          -9.951559187254735e-08,
          2.781288862880898e-08,
          3.310817547859367e-11,
          -5.349865408359655e-12
        ]
      },
      {
        "sno": 26,
        "params": [
          -9.571128736063784,
          6.680650173449878,
          -4.955862930544399,
          0.05928163553794297,
          0.030374250874256527,
          5.591043670293229e-05,
          -4.800625649211208e-05,
          -9.951559187254735e-08,
          2.781288862880898e-08,
          3.310817547859367e-11,
          -5.349865408359655e-12
        ]
      },
      {
        "sno": 27,
        "params": [
          -9.571128736063784,
          6.680650173449878,
          -4.955862930544399,
          0.05928163553794297,
          0.030374250874256527,
          5.591043670293229e-05,
          -4.800625649211208e-05,
          -9.951559187254735e-08,
          2.781288862880898e-08,
          3.310817547859367e-11,
          -5.349865408359655e-12
        ]
      },
      {
        "sno": 28,
        "params": [
          -9.571128736063784,
          6.680650173449878,
          -4.955862930544399,
          0.05928163553794297,
          0.030374250874256527,
          5.591043670293229e-05,
          -4.800625649211208e-05,
          -9.951559187254735e-08,
          2.781288862880898e-08,
          3.310817547859367e-11,
          -5.349865408359655e-12
        ]
      },
      {
        "sno": 29,
        "params": [
          -9.571128736063784,
          6.680650173449878,
          -4.955862930544399,
          0.05928163553794297,
          0.030374250874256527,
          5.591043670293229e-05,
          -4.800625649211208e-05,
          -9.951559187254735e-08,
          2.781288862880898e-08,
          3.310817547859367e-11,
          -5.349865408359655e-12
        ]
      },
      {
        "sno": 30,
        "params": [
          -9.571128736063784,
          6.680650173449878,
          -4.955862930544399,
          0.05928163553794297,
          0.030374250874256527,
          5.591043670293229e-05,
          -4.800625649211208e-05,
          -9.951559187254735e-08,
          2.781288862880898e-08,
          3.310817547859367e-11,
          -5.349865408359655e-12
        ]
      },
      {
        "sno": 31,
        "params": [
          -9.571128736063784,
          6.684270503811557,
          -4.955862930544399,
          0.05928163553794297,
          0.030374250874256527,
          5.591043670293229e-05,
          -4.800625649211208e-05,
          -9.951559187254735e-08,
          2.781288862880898e-08,
          3.310817547859367e-11,
          -5.349865408359655e-12
        ]
      },
      {
        "sno": 32,
        "params": [
          -9.571128736063784,
          6.680650173449878,
          -4.955862930544399,
          0.05924328829359555,
          0.030374250874256527,
          5.593125966272605e-05,
          -4.800625649211208e-05,
          -9.951559187254735e-08,
          2.781288862880898e-08,
          3.310817547859367e-11,
          -5.349865408359655e-12
        ]
      },
      {
        "sno": 33,
        "params": [
          -9.571128736063784,
          6.680650173449878,
          -4.955862930544399,
          0.05928163553794297,
          0.030374250874256527,
          5.593125966272605e-05,
          -4.800625649211208e-05,
          -9.951559187254735e-08,
          2.781288862880898e-08,
          3.310817547859367e-11,
          -5.349865408359655e-12
        ]
      },
      {
        "sno": 34,
        "params": [
          -9.571128736063784,
          6.680650173449878,
          -4.955862930544399,
          0.05928163553794297,
          0.030374250874256527,
          5.593125966272605e-05,
          -4.800625649211208e-05,
          -9.951559187254735e-08,
          2.781288862880898e-08,
          3.310817547859367e-11,
          -5.349865408359655e-12
        ]
      },
      {
        "sno": 35,
        "params": [
          -9.571128736063784,
          6.680650173449878,
          -4.955862930544399,
          0.05928163553794297,
          0.030374250874256527,
          5.593125966272605e-05,
          -4.800625649211208e-05,
          -9.951559187254735e-08,
          2.781288862880898e-08,
          3.310817547859367e-11,
          -5.349865408359655e-12
        ]
      },
      {
        "sno": 36,
        "params": [
          -9.571128736063784,
          6.680650173449878,
          -4.955862930544399,
          0.05928163553794297,
          0.030374250874256527,
          5.593125966272605e-05,
          -4.800625649211208e-05,
          -9.951559187254735e-08,
          2.781288862880898e-08,
          3.310817547859367e-11,
          -5.349865408359655e-12
        ]
      },
      {
        "sno": 37,
        "params": [
          -9.571128736063784,
          6.680650173449878,
          -4.955862930544399,
          0.05928163553794297,
          0.030374250874256527,
          5.593125966272605e-05,
          -4.800625649211208e-05,
          -9.951559187254735e-08,
          2.781288862880898e-08,
          3.310817547859367e-11,
          -5.349865408359655e-12
        ]
      },
      {
        "sno": 38,
        "params": [
          -9.571128736063784,
          6.680650173449878,
          -4.955862930544399,
          0.05928163553794297,
          0.030374250874256527,
          5.595190673113283e-05,
          -4.800625649211208e-05,
          -9.940176332511661e-08,
          2.781288862880898e-08,
          3.310817547859367e-11,
          -5.349865408359655e-12
        ]
      },
      {
        "sno": 39,
        "params": [
          -9.571128736063784,
          6.680650173449878,
          -4.955862930544399,
          0.05928163553794297,
          0.030374250874256527,
          5.593125966272605e-05,
          -4.800625649211208e-05,
          -9.940176332511661e-08,
          2.781288862880898e-08,
          3.310817547859367e-11,
          -5.349865408359655e-12
        ]
      }
    ],
    "mating_pool": [],
    "after_cross": [],
    "after_mutation": []
  },
  {
    "init_population": [
      {
        "sno": 0,
        "params": [
          -9.571128736063784,
          6.680650173449878,
          -4.955862930544399,
          0.05924328829359555,
          0.030374250874256527,
          5.593125966272605e-05,
          -4.800625649211208e-05,
          -9.951559187254735e-08,
          2.781288862880898e-08,
          3.310817547859367e-11,
          -5.352181128667142e-12
        ]
      },
      {
        "sno": 1,
        "params": [
          -9.571128736063784,
          6.680650173449878,
          -4.955862930544399,
          0.059249034750363735,
          0.030374250874256527,
          5.591043670293229e-05,
          -4.800625649211208e-05,
          -9.951559187254735e-08,
          2.781288862880898e-08,
          3.310817547859367e-11,
          -5.340997327564316e-12
        ]
      },
      {
        "sno": 2,
        "params": [
          -9.571128736063784,
          6.680650173449878,
          -4.955862930544399,
          0.05927693548948333,
          0.030374250874256527,
          5.591043670293229e-05,
          -4.800625649211208e-05,
          -9.951559187254735e-08,
          2.781288862880898e-08,
          3.310817547859367e-11,
          -5.349865408359655e-12
        ]
      },
      {
        "sno": 3,
        "params": [
          -9.571128736063784,
          6.680650173449878,
          -4.955862930544399,
          0.059270894245794674,
          0.030374250874256527,
          5.591043670293229e-05,
          -4.800625649211208e-05,
          -9.951559187254735e-08,
          2.781288862880898e-08,
          3.310817547859367e-11,
          -5.349865408359655e-12
        ]
      },
      {
        "sno": 4,
        "params": [
          -9.571128736063784,
          6.680650173449878,
          -4.955862930544399,
          0.05928163553794297,
          0.030374250874256527,
          5.595190673113283e-05,
          -4.800625649211208e-05,
          -9.940176332511661e-08,
          2.781288862880898e-08,
          3.3150088633428846e-11,
          -5.349865408359655e-12
        ]
      },
      {
        "sno": 5,
        "params": [
          -9.571128736063784,
          6.680650173449878,
          -4.955862930544399,
          0.05927693548948333,
          0.030374250874256527,
          5.591043670293229e-05,
          -4.800625649211208e-05,
          -9.951559187254735e-08,
          2.781288862880898e-08,
          3.310817547859367e-11,
          -5.349865408359655e-12
        ]
      },
      {
        "sno": 6,
        "params": [
          -9.571128736063784,
          6.680650173449878,
          -4.955862930544399,
          0.05928163553794297,
          0.030374250874256527,
          5.595190673113283e-05,
          -4.800625649211208e-05,
          -9.940176332511661e-08,
          2.781288862880898e-08,
          3.310817547859367e-11,
          -5.349865408359655e-12
        ]
      },
      {
        "sno": 7,
        "params": [
          -9.571128736063784,
          6.680650173449878,
          -4.955862930544399,
          0.05928163553794297,
          0.030374250874256527,
          5.593125966272605e-05,
          -4.800625649211208e-05,
          -9.951559187254735e-08,
          2.7783197020706244e-08,
          3.310817547859367e-11,
          -5.349865408359655e-12
        ]
      },
      {
        "sno": 8,
        "params": [
          -9.571128736063784,
          6.680650173449878,
          -4.955862930544399,
          0.05928163553794297,
          0.030374250874256527,
          5.593125966272605e-05,
          -4.800625649211208e-05,
          -9.951559187254735e-08,
          2.781288862880898e-08,
          3.310817547859367e-11,
          -5.349865408359655e-12
        ]
      },
      {
        "sno": 9,
        "params": [
          -9.571128736063784,
          6.680650173449878,
          -4.955862930544399,
          0.05928163553794297,
          0.030374250874256527,
          5.6020706318217587e-05,
          -4.800625649211208e-05,
          -9.951559187254735e-08,
          2.781288862880898e-08,
          3.310817547859367e-11,
          -5.349865408359655e-12
        ]
      },
      {
        "sno": 10,
        "params": [
          -9.571128736063784,
          6.690873987127075,
          -4.955862930544399,
          0.05924328829359555,
          0.030374250874256527,
          5.593125966272605e-05,
          -4.800625649211208e-05,
          -9.951559187254735e-08,
          2.781288862880898e-08,
          3.310817547859367e-11,
          -5.349865408359655e-12
        ]
      },
      {
        "sno": 11,
        "params": [
          -9.571128736063784,
          6.680650173449878,
          -4.955862930544399,
          0.059249034750363735,
          0.030374250874256527,
          5.591043670293229e-05,
          -4.800625649211208e-05,
          -9.951559187254735e-08,
          2.781288862880898e-08,
          3.310817547859367e-11,
          -5.349865408359655e-12
        ]
      },
      {
        "sno": 12,
        "params": [
          -9.571128736063784,
          6.680650173449878,
          -4.955862930544399,
          0.05927693548948333,
          0.030374250874256527,
          5.591043670293229e-05,
          -4.800625649211208e-05,
          -9.951559187254735e-08,
          2.781288862880898e-08,
          3.310817547859367e-11,
          -5.349865408359655e-12
        ]
      },
      {
        "sno": 13,
        "params": [
          -9.571128736063784,
          6.680650173449878,
          -4.955862930544399,
          0.05928163553794297,
          0.030374250874256527,
          5.595190673113283e-05,
          -4.800625649211208e-05,
          -9.940176332511661e-08,
          2.781288862880898e-08,
          3.310817547859367e-11,
          -5.349865408359655e-12
        ]
      },
      {
        "sno": 14,
        "params": [
          -9.571128736063784,
          6.680650173449878,
          -4.955862930544399,
          0.059234076339069,
          0.030374250874256527,
          5.593125966272605e-05,
          -4.800625649211208e-05,
          -9.951559187254735e-08,
          2.781288862880898e-08,
          3.310817547859367e-11,
          -5.349865408359655e-12
        ]
      },
      {
        "sno": 15,
        "params": [
          -9.571128736063784,
          6.680650173449878,
          -4.955862930544399,
          0.05928163553794297,
          0.030374250874256527,
          5.593125966272605e-05,
          -4.800625649211208e-05,
          -9.951559187254735e-08,
          2.7799443651804494e-08,
          3.310817547859367e-11,
          -5.349865408359655e-12
        ]
      },
      {
        "sno": 16,
        "params": [
          -9.571128736063784,
          6.680650173449878,
          -4.955862930544399,
          0.05928163553794297,
          0.030374250874256527,
          5.593125966272605e-05,
          -4.800625649211208e-05,
          -9.951559187254735e-08,
          2.781288862880898e-08,
          3.310817547859367e-11,
          -5.349865408359655e-12
        ]
      },
      {
        "sno": 17,
        "params": [
          -9.571128736063784,
          6.680650173449878,
          -4.955862930544399,
          0.05928163553794297,
          0.030374250874256527,
          5.593125966272605e-05,
          -4.800625649211208e-05,
          -9.951559187254735e-08,
          2.781288862880898e-08,
          3.310817547859367e-11,
          -5.345940148583853e-12
        ]
      },
      {
        "sno": 18,
        "params": [
          -9.571128736063784,
          6.680650173449878,
          -4.955862930544399,
          0.05928163553794297,
          0.030374250874256527,
          5.593125966272605e-05,
          -4.800625649211208e-05,
          -9.952022465348805e-08,
          2.781288862880898e-08,
          3.310817547859367e-11,
          -5.349865408359655e-12
        ]
      },
      {
        "sno": 19,
        "params": [
          -9.571128736063784,
          6.680650173449878,
          -4.955862930544399,
          0.05928163553794297,
          0.030374250874256527,
          5.593125966272605e-05,
          -4.800625649211208e-05,
          -9.940176332511661e-08,
          2.781288862880898e-08,
          3.310817547859367e-11,
          -5.349865408359655e-12
        ]
      },
      {
        "sno": 20,
        "params": [
          -9.571128736063784,
          6.676489546712729,
          -4.955862930544399,
          0.05928163553794297,
          0.030374250874256527,
          5.591043670293229e-05,
          -4.800625649211208e-05,
          -9.965936901460198e-08,
          2.781288862880898e-08,
          3.310817547859367e-11,
          -5.349865408359655e-12
        ]
      },
      {
        "sno": 21,
        "params": [
          -9.571128736063784,
          6.680650173449878,
          -4.955862930544399,
          0.05928163553794297,
          0.030374250874256527,
          5.591043670293229e-05,
          -4.800625649211208e-05,
          -9.965213397646454e-08,
          2.781288862880898e-08,
          3.310817547859367e-11,
          -5.349865408359655e-12
        ]
      },
      {
        "sno": 22,
        "params": [
          -9.571128736063784,
          6.680650173449878,
          -4.955862930544399,
          0.05928163553794297,
          0.030374250874256527,
          5.591043670293229e-05,
          -4.800625649211208e-05,
          -9.951559187254735e-08,
          2.781288862880898e-08,
          3.308485237812215e-11,
          -5.349865408359655e-12
        ]
      },
      {
        "sno": 23,
        "params": [
          -9.571128736063784,
          6.680650173449878,
          -4.955862930544399,
          0.05928163553794297,
          0.030374250874256527,
          5.591043670293229e-05,
          -4.800625649211208e-05,
          -9.951559187254735e-08,
          2.781288862880898e-08,
          3.310382595038441e-11,
          -5.349865408359655e-12
        ]
      },
      {
        "sno": 24,
        "params": [
          -9.571128736063784,
          6.680650173449878,
          -4.955862930544399,
          0.05928163553794297,
          0.030399798655996214,
          5.591043670293229e-05,
          -4.800625649211208e-05,
          -9.951559187254735e-08,
          2.781288862880898e-08,
          3.310817547859367e-11,
          -5.349865408359655e-12
        ]
      },
      {
        "sno": 25,
        "params": [
          -9.571128736063784,
          6.680650173449878,
          -4.955862930544399,
          0.05928163553794297,
          0.030404011594242948,
          5.591043670293229e-05,
          -4.800625649211208e-05,
          -9.951559187254735e-08,
          2.781288862880898e-08,
          3.310817547859367e-11,
          -5.349865408359655e-12
        ]
      },
      {
        "sno": 26,
        "params": [
          -9.571128736063784,
          6.680650173449878,
          -4.955862930544399,
          0.05928163553794297,
          0.030374250874256527,
          5.591043670293229e-05,
          -4.800625649211208e-05,
          -9.951559187254735e-08,
          2.781288862880898e-08,
          3.310817547859367e-11,
          -5.349865408359655e-12
        ]
      },
      {
        "sno": 27,
        "params": [
          -9.571128736063784,
          6.680650173449878,
          -4.955862930544399,
          0.05928163553794297,
          0.030374250874256527,
          5.591043670293229e-05,
          -4.800625649211208e-05,
          -9.951559187254735e-08,
          2.781288862880898e-08,
          3.310817547859367e-11,
          -5.349865408359655e-12
        ]
      },
      {
        "sno": 28,
        "params": [
          -9.571128736063784,
          6.680650173449878,
          -4.955862930544399,
          0.05928163553794297,
          0.030374250874256527,
          5.591043670293229e-05,
          -4.800625649211208e-05,
          -9.951559187254735e-08,
          2.781288862880898e-08,
          3.310817547859367e-11,
          -5.3568926599451345e-12
        ]
      },
      {
        "sno": 29,
        "params": [
          -9.571128736063784,
          6.6825441403542625,
          -4.955862930544399,
          0.05928163553794297,
          0.030374250874256527,
          5.591043670293229e-05,
          -4.800625649211208e-05,
          -9.951559187254735e-08,
          2.781288862880898e-08,
          3.310817547859367e-11,
          -5.349865408359655e-12
        ]
      },
      {
        "sno": 30,
        "params": [
          -9.571128736063784,
          6.680650173449878,
          -4.955862930544399,
          0.05928163553794297,
          0.030374250874256527,
          5.591043670293229e-05,
          -4.800625649211208e-05,
          -9.951559187254735e-08,
          2.781288862880898e-08,
          3.310817547859367e-11,
          -5.349865408359655e-12
        ]
      },
      {
        "sno": 31,
        "params": [
          -9.571128736063784,
          6.680650173449878,
          -4.955862930544399,
          0.05928163553794297,
          0.030374250874256527,
          5.591043670293229e-05,
          -4.800625649211208e-05,
          -9.951559187254735e-08,
          2.781288862880898e-08,
          3.310817547859367e-11,
          -5.349865408359655e-12
        ]
      },
      {
        "sno": 32,
        "params": [
          -9.571128736063784,
          6.680650173449878,
          -4.957805287927625,
          0.05928163553794297,
          0.030374250874256527,
          5.591043670293229e-05,
          -4.800625649211208e-05,
          -9.951559187254735e-08,
          2.781288862880898e-08,
          3.310817547859367e-11,
          -5.349865408359655e-12
        ]
      },
      {
        "sno": 33,
        "params": [
          -9.571128736063784,
          6.680650173449878,
          -4.955862930544399,
          0.05928163553794297,
          0.030346154868579833,
          5.591043670293229e-05,
          -4.800625649211208e-05,
          -9.951559187254735e-08,
          2.781288862880898e-08,
          3.310817547859367e-11,
          -5.349865408359655e-12
        ]
      },
      {
        "sno": 34,
        "params": [
          -9.571128736063784,
          6.680650173449878,
          -4.955862930544399,
          0.05928163553794297,
          0.030374250874256527,
          5.591043670293229e-05,
          -4.800625649211208e-05,
          -9.951559187254735e-08,
          2.781288862880898e-08,
          3.310817547859367e-11,
          -5.343699479947793e-12
        ]
      },
      {
        "sno": 35,
        "params": [
          -9.571128736063784,
          6.680650173449878,
          -4.955862930544399,
          0.05928163553794297,
          0.030374250874256527,
          5.591043670293229e-05,
          -4.800625649211208e-05,
          -9.951559187254735e-08,
          2.781288862880898e-08,
          3.310773022190955e-11,
          -5.349865408359655e-12
        ]
      },
      {
        "sno": 36,
        "params": [
          -9.571128736063784,
          6.680650173449878,
          -4.955862930544399,
          0.05928163553794297,
          0.030374250874256527,
          5.591043670293229e-05,
          -4.800625649211208e-05,
          -9.951559187254735e-08,
          2.781288862880898e-08,
          3.310817547859367e-11,
          -5.349865408359655e-12
        ]
      },
      {
        "sno": 37,
        "params": [
          -9.571128736063784,
          6.680650173449878,
          -4.955862930544399,
          0.05928163553794297,
          0.030374250874256527,
          5.591043670293229e-05,
          -4.800625649211208e-05,
          -9.951559187254735e-08,
          2.781288862880898e-08,
          3.310817547859367e-11,
          -5.349865408359655e-12
        ]
      },
      {
        "sno": 38,
        "params": [
          -9.571128736063784,
          6.680650173449878,
          -4.955862930544399,
          0.05928163553794297,
          0.030374250874256527,
          5.591043670293229e-05,
          -4.800625649211208e-05,
          -9.951559187254735e-08,
          2.781288862880898e-08,
          3.310817547859367e-11,
          -5.349865408359655e-12
        ]
      },
      {
        "sno": 39,
        "params": [
          -9.571128736063784,
          6.680650173449878,
          -4.955862930544399,
          0.05928163553794297,
          0.030374250874256527,
          5.591043670293229e-05,
          -4.800625649211208e-05,
          -9.951559187254735e-08,
          2.7797704317333016e-08,
          3.310817547859367e-11,
          -5.349865408359655e-12
        ]
      }
    ],
    "mating_pool": [],
    "after_cross": [],
    "after_mutation": []
  },
  {
    "init_population": [
      {
        "sno": 0,
        "params": [
          -9.571128736063784,
          6.676489546712729,
          -4.955862930544399,
          0.059234076339069,
          0.030374250874256527,
          5.593125966272605e-05,
          -4.800625649211208e-05,
          -9.951559187254735e-08,
          2.781288862880898e-08,
          3.310817547859367e-11,
          -5.349865408359655e-12
        ]
      },
      {
        "sno": 1,
        "params": [
          -9.571128736063784,
          6.680650173449878,
          -4.955862930544399,
          0.05928163553794297,
          0.030374250874256527,
          5.591043670293229e-05,
          -4.800625649211208e-05,
          -9.965936901460198e-08,
          2.781288862880898e-08,
          3.310817547859367e-11,
          -5.349865408359655e-12
        ]
      },
      {
        "sno": 2,
        "params": [
          -9.571953941050603,
          6.680650173449878,
          -4.955862930544399,
          0.05924328829359555,
          0.030374250874256527,
          5.593125966272605e-05,
          -4.800625649211208e-05,
          -9.951559187254735e-08,
          2.781288862880898e-08,
          3.310817547859367e-11,
          -5.352181128667142e-12
        ]
      },
      {
        "sno": 3,
        "params": [
          -9.571128736063784,
          6.680650173449878,
          -4.955862930544399,
          0.059234076339069,
          0.030374250874256527,
          5.593125966272605e-05,
          -4.800625649211208e-05,
          -9.951559187254735e-08,
          2.781288862880898e-08,
          3.310817547859367e-11,
          -5.349865408359655e-12
        ]
      },
      {
        "sno": 4,
        "params": [
          -9.571128736063784,
          6.680650173449878,
          -4.955862930544399,
          0.05924328829359555,
          0.030374250874256527,
          5.591043670293229e-05,
          -4.800625649211208e-05,
          -9.951559187254735e-08,
          2.781288862880898e-08,
          3.310817547859367e-11,
          -5.340997327564316e-12
        ]
      },
      {
        "sno": 5,
        "params": [
          -9.571128736063784,
          6.680650173449878,
          -4.955862930544399,
          0.059249034750363735,
          0.030374250874256527,
          5.593125966272605e-05,
          -4.800625649211208e-05,
          -9.951559187254735e-08,
          2.781288862880898e-08,
          3.310817547859367e-11,
          -5.352181128667142e-12
        ]
      },
      {
        "sno": 6,
        "params": [
          -9.571128736063784,
          6.680650173449878,
          -4.955862930544399,
          0.059249034750363735,
          0.030374250874256527,
          5.591043670293229e-05,
          -4.800625649211208e-05,
          -9.955014068536071e-08,
          2.781288862880898e-08,
          3.310817547859367e-11,
          -5.349865408359655e-12
        ]
      },
      {
        "sno": 7,
        "params": [
          -9.571128736063784,
          6.680650173449878,
          -4.955862930544399,
          0.059249034750363735,
          0.030374250874256527,
          5.591043670293229e-05,
          -4.800625649211208e-05,
          -9.951559187254735e-08,
          2.783745617095967e-08,
          3.310817547859367e-11,
          -5.340997327564316e-12
        ]
      },
      {
        "sno": 8,
        "params": [
          -9.571128736063784,
          6.68531126888653,
          -4.955862930544399,
          0.059249034750363735,
          0.030374250874256527,
          5.591043670293229e-05,
          -4.800625649211208e-05,
          -9.951559187254735e-08,
          2.781288862880898e-08,
          3.310817547859367e-11,
          -5.349865408359655e-12
        ]
      },
      {
        "sno": 9,
        "params": [
          -9.571128736063784,
          6.680650173449878,
          -4.955862930544399,
          0.05928163553794297,
          0.030346154868579833,
          5.591043670293229e-05,
          -4.800625649211208e-05,
          -9.951559187254735e-08,
          2.781288862880898e-08,
          3.310817547859367e-11,
          -5.349865408359655e-12
        ]
      },
      {
        "sno": 10,
        "params": [
          -9.571128736063784,
          6.676489546712729,
          -4.955862930544399,
          0.05928163553794297,
          0.030374250874256527,
          5.591043670293229e-05,
          -4.800625649211208e-05,
          -9.965936901460198e-08,
          2.781288862880898e-08,
          3.310817547859367e-11,
          -5.349865408359655e-12
        ]
      },
      {
        "sno": 11,
        "params": [
          -9.571128736063784,
          6.680650173449878,
          -4.955862930544399,
          0.059234076339069,
          0.030374250874256527,
          5.593125966272605e-05,
          -4.800625649211208e-05,
          -9.951559187254735e-08,
          2.781288862880898e-08,
          3.310817547859367e-11,
          -5.349865408359655e-12
        ]
      },
      {
        "sno": 12,
        "params": [
          -9.571128736063784,
          6.680650173449878,
          -4.955862930544399,
          0.05924328829359555,
          0.030374250874256527,
          5.593125966272605e-05,
          -4.800625649211208e-05,
          -9.951559187254735e-08,
          2.781288862880898e-08,
          3.310817547859367e-11,
          -5.352181128667142e-12
        ]
      },
      {
        "sno": 13,
        "params": [
          -9.571128736063784,
          6.682352884341113,
          -4.955862930544399,
          0.059249034750363735,
          0.030374250874256527,
          5.591043670293229e-05,
          -4.800625649211208e-05,
          -9.951559187254735e-08,
          2.781288862880898e-08,
          3.310817547859367e-11,
          -5.340997327564316e-12
        ]
      },
      {
        "sno": 14,
        "params": [
          -9.571128736063784,
          6.680650173449878,
          -4.955862930544399,
          0.059249034750363735,
          0.030374250874256527,
          5.591043670293229e-05,
          -4.800625649211208e-05,
          -9.951559187254735e-08,
          2.781288862880898e-08,
          3.310817547859367e-11,
          -5.349865408359655e-12
        ]
      },
      {
        "sno": 15,
        "params": [
          -9.571128736063784,
          6.680650173449878,
          -4.955862930544399,
          0.05928163553794297,
          0.030346154868579833,
          5.591043670293229e-05,
          -4.800625649211208e-05,
          -9.951559187254735e-08,
          2.781288862880898e-08,
          3.310817547859367e-11,
          -5.349865408359655e-12
        ]
      },
      {
        "sno": 16,
        "params": [
          -9.571128736063784,
          6.680650173449878,
          -4.955862930544399,
          0.059270894245794674,
          0.030374250874256527,
          5.591043670293229e-05,
          -4.800625649211208e-05,
          -9.951559187254735e-08,
          2.781288862880898e-08,
          3.310817547859367e-11,
          -5.349865408359655e-12
        ]
      },
      {
        "sno": 17,
        "params": [
          -9.571128736063784,
          6.680650173449878,
          -4.955862930544399,
          0.05927693548948333,
          0.030374250874256527,
          5.591043670293229e-05,
          -4.800625649211208e-05,
          -9.951559187254735e-08,
          2.781288862880898e-08,
          3.310817547859367e-11,
          -5.349865408359655e-12
        ]
      },
      {
        "sno": 18,
        "params": [
          -9.571128736063784,
          6.680650173449878,
          -4.955862930544399,
          0.05927693548948333,
          0.030374250874256527,
          5.591043670293229e-05,
          -4.800625649211208e-05,
          -9.951559187254735e-08,
          2.781288862880898e-08,
          3.310817547859367e-11,
          -5.349865408359655e-12
        ]
      },
      {
        "sno": 19,
        "params": [
          -9.571128736063784,
          6.680650173449878,
          -4.955862930544399,
          0.05927693548948333,
          0.030374250874256527,
          5.591043670293229e-05,
          -4.800625649211208e-05,
          -9.951559187254735e-08,
          2.781288862880898e-08,
          3.310817547859367e-11,
          -5.349865408359655e-12
        ]
      },
      {
        "sno": 20,
        "params": [
          -9.571128736063784,
          6.680650173449878,
          -4.955862930544399,
          0.05928163553794297,
          0.030374250874256527,
          5.6020706318217587e-05,
          -4.800625649211208e-05,
          -9.951559187254735e-08,
          2.781288862880898e-08,
          3.310817547859367e-11,
          -5.349865408359655e-12
        ]
      },
      {
        "sno": 21,
        "params": [
          -9.571128736063784,
          6.680650173449878,
          -4.955862930544399,
          0.05928163553794297,
          0.030374250874256527,
          5.595190673113283e-05,
          -4.800625649211208e-05,
          -9.940176332511661e-08,
          2.781288862880898e-08,
          3.3150088633428846e-11,
          -5.349865408359655e-12
        ]
      },
      {
        "sno": 22,
        "params": [
          -9.571128736063784,
          6.680650173449878,
          -4.955862930544399,
          0.05928163553794297,
          0.030374250874256527,
          5.595190673113283e-05,
          -4.800625649211208e-05,
          -9.940176332511661e-08,
          2.781288862880898e-08,
          3.310817547859367e-11,
          -5.3531388039850755e-12
        ]
      },
      {
        "sno": 23,
        "params": [
          -9.571128736063784,
          6.680650173449878,
          -4.955862930544399,
          0.05928163553794297,
          0.030374250874256527,
          5.595190673113283e-05,
          -4.800625649211208e-05,
          -9.940176332511661e-08,
          2.781288862880898e-08,
          3.310817547859367e-11,
          -5.349865408359655e-12
        ]
      },
      {
        "sno": 24,
        "params": [
          -9.571128736063784,
          6.687231253004203,
          -4.955862930544399,
          0.05928163553794297,
          0.030374250874256527,
          5.593125966272605e-05,
          -4.800625649211208e-05,
          -9.951559187254735e-08,
          2.7783197020706244e-08,
          3.310817547859367e-11,
          -5.349865408359655e-12
        ]
      },
      {
        "sno": 25,
        "params": [
          -9.571128736063784,
          6.680650173449878,
          -4.955862930544399,
          0.05928163553794297,
          0.030374250874256527,
          5.593125966272605e-05,
          -4.800625649211208e-05,
          -9.951559187254735e-08,
          2.781288862880898e-08,
          3.310817547859367e-11,
          -5.349865408359655e-12
        ]
      },
      {
        "sno": 26,
        "params": [
          -9.571128736063784,
          6.680650173449878,
          -4.955862930544399,
          0.05928163553794297,
          0.030374250874256527,
          5.5841384685509903e-05,
          -4.800625649211208e-05,
          -9.951559187254735e-08,
          2.7799443651804494e-08,
          3.310817547859367e-11,
          -5.349865408359655e-12
        ]
      },
      {
        "sno": 27,
        "params": [
          -9.571128736063784,
          6.680650173449878,
          -4.955862930544399,
          0.05928163553794297,
          0.030374250874256527,
          5.593125966272605e-05,
          -4.800625649211208e-05,
          -9.951559187254735e-08,
          2.781288862880898e-08,
          3.310817547859367e-11,
          -5.349865408359655e-12
        ]
      },
      {
        "sno": 28,
        "params": [
          -9.571128736063784,
          6.680650173449878,
          -4.955862930544399,
          0.05928163553794297,
          0.03037622808969728,
          5.593125966272605e-05,
          -4.800625649211208e-05,
          -9.951559187254735e-08,
          2.781288862880898e-08,
          3.310817547859367e-11,
          -5.345940148583853e-12
        ]
      },
      {
        "sno": 29,
        "params": [
          -9.571128736063784,
          6.680650173449878,
          -4.955862930544399,
          0.05928163553794297,
          0.030374250874256527,
          5.593125966272605e-05,
          -4.800625649211208e-05,
          -9.952022465348805e-08,
          2.781288862880898e-08,
          3.310817547859367e-11,
          -5.349865408359655e-12
        ]
      },
      {
        "sno": 30,
        "params": [
          -9.571128736063784,
          6.680650173449878,
          -4.955862930544399,
          0.05928163553794297,
          0.030374250874256527,
          5.593125966272605e-05,
          -4.800625649211208e-05,
          -9.940176332511661e-08,
          2.781288862880898e-08,
          3.310817547859367e-11,
          -5.349865408359655e-12
        ]
      },
      {
        "sno": 31,
        "params": [
          -9.571128736063784,
          6.680650173449878,
          -4.955862930544399,
          0.05928163553794297,
          0.030374250874256527,
          5.591043670293229e-05,
          -4.800625649211208e-05,
          -9.965213397646454e-08,
          2.781288862880898e-08,
          3.310817547859367e-11,
          -5.349865408359655e-12
        ]
      },
      {
        "sno": 32,
        "params": [
          -9.571128736063784,
          6.680650173449878,
          -4.955862930544399,
          0.05928163553794297,
          0.030374250874256527,
          5.591043670293229e-05,
          -4.800625649211208e-05,
          -9.951559187254735e-08,
          2.781288862880898e-08,
          3.308485237812215e-11,
          -5.349865408359655e-12
        ]
      },
      {
        "sno": 33,
        "params": [
          -9.571128736063784,
          6.680650173449878,
          -4.955862930544399,
          0.05928163553794297,
          0.030374250874256527,
          5.591043670293229e-05,
          -4.807746112162642e-05,
          -9.951559187254735e-08,
          2.781288862880898e-08,
          3.310382595038441e-11,
          -5.349865408359655e-12
        ]
      },
      {
        "sno": 34,
        "params": [
          -9.571128736063784,
          6.680650173449878,
          -4.955862930544399,
          0.05928163553794297,
          0.030374250874256527,
          5.591043670293229e-05,
          -4.800625649211208e-05,
          -9.951559187254735e-08,
          2.785890344725351e-08,
          3.310817547859367e-11,
          -5.349865408359655e-12
        ]
      },
      {
        "sno": 35,
        "params": [
          -9.571128736063784,
          6.680650173449878,
          -4.955862930544399,
          0.05928163553794297,
          0.030374250874256527,
          5.591043670293229e-05,
          -4.800625649211208e-05,
          -9.951559187254735e-08,
          2.781288862880898e-08,
          3.310817547859367e-11,
          -5.349865408359655e-12
        ]
      },
      {
        "sno": 36,
        "params": [
          -9.571128736063784,
          6.680650173449878,
          -4.955862930544399,
          0.05928163553794297,
          0.030374250874256527,
          5.591043670293229e-05,
          -4.800625649211208e-05,
          -9.951559187254735e-08,
          2.781288862880898e-08,
          3.310817547859367e-11,
          -5.3568926599451345e-12
        ]
      },
      {
        "sno": 37,
        "params": [
          -9.571128736063784,
          6.680650173449878,
          -4.955862930544399,
          0.05928163553794297,
          0.030374250874256527,
          5.591043670293229e-05,
          -4.800625649211208e-05,
          -9.945223113080604e-08,
          2.781288862880898e-08,
          3.310817547859367e-11,
          -5.349865408359655e-12
        ]
      },
      {
        "sno": 38,
        "params": [
          -9.571128736063784,
          6.680650173449878,
          -4.955862930544399,
          0.059318563452628925,
          0.030374250874256527,
          5.591043670293229e-05,
          -4.800625649211208e-05,
          -9.951559187254735e-08,
          2.781288862880898e-08,
          3.310817547859367e-11,
          -5.349865408359655e-12
        ]
      },
      {
        "sno": 39,
        "params": [
          -9.571128736063784,
          6.680650173449878,
          -4.955862930544399,
          0.05928163553794297,
          0.030374250874256527,
          5.591043670293229e-05,
          -4.800625649211208e-05,
          -9.951559187254735e-08,
          2.781288862880898e-08,
          3.310817547859367e-11,
          -5.343699479947793e-12
        ]
      }
    ],
    "mating_pool": [],
    "after_cross": [],
    "after_mutation": []
  },
  {
    "init_population": [
      {
        "sno": 0,
        "params": [
          -9.571128736063784,
          6.676489546712729,
          -4.955862930544399,
          0.05928163553794297,
          0.030399128379186294,
          5.591043670293229e-05,
          -4.800625649211208e-05,
          -9.965936901460198e-08,
          2.781288862880898e-08,
          3.310817547859367e-11,
          -5.349865408359655e-12
        ]
      },
      {
        "sno": 1,
        "params": [
          -9.571128736063784,
          6.676489546712729,
          -4.955862930544399,
          0.059234076339069,
          0.030374250874256527,
          5.593125966272605e-05,
          -4.800625649211208e-05,
          -9.951559187254735e-08,
          2.781288862880898e-08,
          3.310817547859367e-11,
          -5.349865408359655e-12
        ]
      },
      {
        "sno": 2,
        "params": [
          -9.571128736063784,
          6.680650173449878,
          -4.955862930544399,
          0.059234076339069,
          0.030374250874256527,
          5.593125966272605e-05,
          -4.800625649211208e-05,
          -9.951559187254735e-08,
          2.781288862880898e-08,
          3.310817547859367e-11,
          -5.349865408359655e-12
        ]
      },
      {
        "sno": 3,
        "params": [
          -9.571128736063784,
          6.676489546712729,
          -4.955862930544399,
          0.05928163553794297,
          0.030374250874256527,
          5.591043670293229e-05,
          -4.800625649211208e-05,
          -9.965936901460198e-08,
          2.781288862880898e-08,
          3.310817547859367e-11,
          -5.349865408359655e-12
        ]
      },
      {
        "sno": 4,
        "params": [
          -9.571128736063784,
          6.680650173449878,
          -4.955862930544399,
          0.059234076339069,
          0.030374250874256527,
          5.591287269480141e-05,
          -4.800625649211208e-05,
          -9.951559187254735e-08,
          2.781288862880898e-08,
          3.310817547859367e-11,
          -5.349865408359655e-12
        ]
      },
      {
        "sno": 5,
        "params": [
          -9.571128736063784,
          6.669747394583491,
          -4.955862930544399,
          0.059234076339069,
          0.030374250874256527,
          5.593125966272605e-05,
          -4.800625649211208e-05,
          -9.951559187254735e-08,
          2.781288862880898e-08,
          3.310817547859367e-11,
          -5.349865408359655e-12
        ]
      },
      {
        "sno": 6,
        "params": [
          -9.571128736063784,
          6.680650173449878,
          -4.955862930544399,
          0.059234076339069,
          0.030374250874256527,
          5.593125966272605e-05,
          -4.800625649211208e-05,
          -9.951559187254735e-08,
          2.781288862880898e-08,
          3.310817547859367e-11,
          -5.352181128667142e-12
        ]
      },
      {
        "sno": 7,
        "params": [
          -9.571128736063784,
          6.680650173449878,
          -4.955862930544399,
          0.05924328829359555,
          0.030374250874256527,
          5.593125966272605e-05,
          -4.800625649211208e-05,
          -9.951559187254735e-08,
          2.781288862880898e-08,
          3.310817547859367e-11,
          -5.349865408359655e-12
        ]
      },
      {
        "sno": 8,
        "params": [
          -9.579245640218936,
          6.680650173449878,
          -4.955862930544399,
          0.05924328829359555,
          0.030374250874256527,
          5.591043670293229e-05,
          -4.800625649211208e-05,
          -9.951559187254735e-08,
          2.781288862880898e-08,
          3.310817547859367e-11,
          -5.340997327564316e-12
        ]
      },
      {
        "sno": 9,
        "params": [
          -9.571128736063784,
          6.680650173449878,
          -4.955862930544399,
          0.05924328829359555,
          0.030374250874256527,
          5.593125966272605e-05,
          -4.800625649211208e-05,
          -9.952643983631355e-08,
          2.781288862880898e-08,
          3.310817547859367e-11,
          -5.352181128667142e-12
        ]
      },
      {
        "sno": 10,
        "params": [
          -9.571128736063784,
          6.676489546712729,
          -4.955862930544399,
          0.059234076339069,
          0.030374250874256527,
          5.593125966272605e-05,
          -4.800625649211208e-05,
          -9.951559187254735e-08,
          2.781288862880898e-08,
          3.310817547859367e-11,
          -5.349865408359655e-12
        ]
      },
      {
        "sno": 11,
        "params": [
          -9.571128736063784,
          6.676489546712729,
          -4.952808594321359,
          0.05928163553794297,
          0.030374250874256527,
          5.591043670293229e-05,
          -4.800625649211208e-05,
          -9.965936901460198e-08,
          2.781288862880898e-08,
          3.310817547859367e-11,
          -5.349865408359655e-12
        ]
      },
      {
        "sno": 12,
        "params": [
          -9.571128736063784,
          6.680650173449878,
          -4.955862930544399,
          0.059234076339069,
          0.030374250874256527,
          5.593125966272605e-05,
          -4.800625649211208e-05,
          -9.951559187254735e-08,
          2.781288862880898e-08,
          3.310817547859367e-11,
          -5.349865408359655e-12
        ]
      },
      {
        "sno": 13,
        "params": [
          -9.571128736063784,
          6.680650173449878,
          -4.955862930544399,
          0.059234076339069,
          0.030374250874256527,
          5.593125966272605e-05,
          -4.800625649211208e-05,
          -9.951559187254735e-08,
          2.781288862880898e-08,
          3.310817547859367e-11,
          -5.349865408359655e-12
        ]
      },
      {
        "sno": 14,
        "params": [
          -9.571128736063784,
          6.680650173449878,
          -4.955862930544399,
          0.05924328829359555,
          0.030374250874256527,
          5.589907836715796e-05,
          -4.800625649211208e-05,
          -9.951559187254735e-08,
          2.781288862880898e-08,
          3.310817547859367e-11,
          -5.352181128667142e-12
        ]
      },
      {
        "sno": 15,
        "params": [
          -9.571128736063784,
          6.680650173449878,
          -4.955862930544399,
          0.05924328829359555,
          0.030374250874256527,
          5.591043670293229e-05,
          -4.800625649211208e-05,
          -9.951559187254735e-08,
          2.781288862880898e-08,
          3.310817547859367e-11,
          -5.340997327564316e-12
        ]
      },
      {
        "sno": 16,
        "params": [
          -9.571128736063784,
          6.680650173449878,
          -4.955862930544399,
          0.059249034750363735,
          0.030374250874256527,
          5.593125966272605e-05,
          -4.800625649211208e-05,
          -9.951559187254735e-08,
          2.781288862880898e-08,
          3.310817547859367e-11,
          -5.352181128667142e-12
        ]
      },
      {
        "sno": 17,
        "params": [
          -9.571128736063784,
          6.680650173449878,
          -4.955862930544399,
          0.059249034750363735,
          0.030374250874256527,
          5.591043670293229e-05,
          -4.800625649211208e-05,
          -9.955014068536071e-08,
          2.781288862880898e-08,
          3.310817547859367e-11,
          -5.349865408359655e-12
        ]
      },
      {
        "sno": 18,
        "params": [
          -9.571128736063784,
          6.680650173449878,
          -4.955862930544399,
          0.059249034750363735,
          0.030374250874256527,
          5.591043670293229e-05,
          -4.800625649211208e-05,
          -9.951559187254735e-08,
          2.783745617095967e-08,
          3.310817547859367e-11,
          -5.340997327564316e-12
        ]
      },
      {
        "sno": 19,
        "params": [
          -9.571128736063784,
          6.680650173449878,
          -4.955862930544399,
          0.059249034750363735,
          0.030374250874256527,
          5.587775006544737e-05,
          -4.800625649211208e-05,
          -9.951559187254735e-08,
          2.781288862880898e-08,
          3.310817547859367e-11,
          -5.349865408359655e-12
        ]
      },
      {
        "sno": 20,
        "params": [
          -9.571128736063784,
          6.680650173449878,
          -4.955862930544399,
          0.05928163553794297,
          0.030346154868579833,
          5.591043670293229e-05,
          -4.800625649211208e-05,
          -9.951559187254735e-08,
          2.781288862880898e-08,
          3.310817547859367e-11,
          -5.349865408359655e-12
        ]
      },
      {
        "sno": 21,
        "params": [
          -9.571128736063784,
          6.6876844601494385,
          -4.955862930544399,
          0.05928163553794297,
          0.030346154868579833,
          5.591043670293229e-05,
          -4.800625649211208e-05,
          -9.951559187254735e-08,
          2.781288862880898e-08,
          3.310817547859367e-11,
          -5.349865408359655e-12
        ]
      },
      {
        "sno": 22,
        "params": [
          -9.571128736063784,
          6.680650173449878,
          -4.955862930544399,
          0.059270894245794674,
          0.030374250874256527,
          5.591043670293229e-05,
          -4.800625649211208e-05,
          -9.951559187254735e-08,
          2.781288862880898e-08,
          3.310817547859367e-11,
          -5.343820296923877e-12
        ]
      },
      {
        "sno": 23,
        "params": [
          -9.571128736063784,
          6.680650173449878,
          -4.955862930544399,
          0.05927693548948333,
          0.030374250874256527,
          5.591043670293229e-05,
          -4.8066769216956994e-05,
          -9.951559187254735e-08,
          2.781288862880898e-08,
          3.310817547859367e-11,
          -5.349865408359655e-12
        ]
      },
      {
        "sno": 24,
        "params": [
          -9.571128736063784,
          6.680650173449878,
          -4.955862930544399,
          0.05927693548948333,
          0.030374250874256527,
          5.591043670293229e-05,
          -4.800625649211208e-05,
          -9.951559187254735e-08,
          2.781288862880898e-08,
          3.310817547859367e-11,
          -5.349865408359655e-12
        ]
      },
      {
        "sno": 25,
        "params": [
          -9.571128736063784,
          6.680650173449878,
          -4.955862930544399,
          0.05927693548948333,
          0.030374250874256527,
          5.591043670293229e-05,
          -4.800625649211208e-05,
          -9.951559187254735e-08,
          2.781288862880898e-08,
          3.310817547859367e-11,
          -5.349865408359655e-12
        ]
      },
      {
        "sno": 26,
        "params": [
          -9.571128736063784,
          6.680650173449878,
          -4.955862930544399,
          0.05928163553794297,
          0.030374250874256527,
          5.6020706318217587e-05,
          -4.800625649211208e-05,
          -9.951559187254735e-08,
          2.781288862880898e-08,
          3.310817547859367e-11,
          -5.349865408359655e-12
        ]
      },
      {
        "sno": 27,
        "params": [
          -9.571128736063784,
          6.680650173449878,
          -4.950578029350657,
          0.05928163553794297,
          0.030374250874256527,
          5.595190673113283e-05,
          -4.800625649211208e-05,
          -9.940176332511661e-08,
          2.781288862880898e-08,
          3.3150088633428846e-11,
          -5.349865408359655e-12
        ]
      },
      {
        "sno": 28,
        "params": [
          -9.362714641638034,
          6.680650173449878,
          -4.955862930544399,
          0.05928163553794297,
          0.030374250874256527,
          5.595190673113283e-05,
          -4.800625649211208e-05,
          -9.940176332511661e-08,
          2.781288862880898e-08,
          3.310817547859367e-11,
          -5.3531388039850755e-12
        ]
      },
      {
        "sno": 29,
        "params": [
          -9.571128736063784,
          6.680650173449878,
          -4.955862930544399,
          0.05928163553794297,
          0.030374250874256527,
          5.595190673113283e-05,
          -4.800625649211208e-05,
          -9.940176332511661e-08,
          2.781288862880898e-08,
          3.310817547859367e-11,
          -5.349865408359655e-12
        ]
      },
      {
        "sno": 30,
        "params": [
          -9.571128736063784,
          6.680650173449878,
          -4.955862930544399,
          0.05928163553794297,
          0.030374250874256527,
          5.593125966272605e-05,
          -4.8041628790691596e-05,
          -9.951559187254735e-08,
          2.781288862880898e-08,
          3.310817547859367e-11,
          -5.349865408359655e-12
        ]
      },
      {
        "sno": 31,
        "params": [
          -9.571128736063784,
          6.678187758875159,
          -4.955862930544399,
          0.05928163553794297,
          0.030374250874256527,
          5.593125966272605e-05,
          -4.800625649211208e-05,
          -9.951559187254735e-08,
          2.781288862880898e-08,
          3.310817547859367e-11,
          -5.349865408359655e-12
        ]
      },
      {
        "sno": 32,
        "params": [
          -9.571128736063784,
          6.680650173449878,
          -4.955862930544399,
          0.05928163553794297,
          0.030374250874256527,
          5.593125966272605e-05,
          -4.800625649211208e-05,
          -9.952022465348805e-08,
          2.781288862880898e-08,
          3.310817547859367e-11,
          -5.349865408359655e-12
        ]
      },
      {
        "sno": 33,
        "params": [
          -9.571128736063784,
          6.680650173449878,
          -4.955862930544399,
          0.05928163553794297,
          0.030374250874256527,
          5.593125966272605e-05,
          -4.800625649211208e-05,
          -9.940176332511661e-08,
          2.781288862880898e-08,
          3.310817547859367e-11,
          -5.349865408359655e-12
        ]
      },
      {
        "sno": 34,
        "params": [
          -9.571128736063784,
          6.680650173449878,
          -4.955862930544399,
          0.05928163553794297,
          0.030374250874256527,
          5.591043670293229e-05,
          -4.800625649211208e-05,
          -9.965936901460198e-08,
          2.781288862880898e-08,
          3.310817547859367e-11,
          -5.349865408359655e-12
        ]
      },
      {
        "sno": 35,
        "params": [
          -9.571128736063784,
          6.680650173449878,
          -4.955862930544399,
          0.05928163553794297,
          0.030374250874256527,
          5.591043670293229e-05,
          -4.800625649211208e-05,
          -9.965213397646454e-08,
          2.781288862880898e-08,
          3.310817547859367e-11,
          -5.349865408359655e-12
        ]
      },
      {
        "sno": 36,
        "params": [
          -9.571128736063784,
          6.680650173449878,
          -4.955862930544399,
          0.05928163553794297,
          0.030374250874256527,
          5.591043670293229e-05,
          -4.800625649211208e-05,
          -9.951559187254735e-08,
          2.781288862880898e-08,
          3.308485237812215e-11,
          -5.349865408359655e-12
        ]
      },
      {
        "sno": 37,
        "params": [
          -9.571128736063784,
          6.680650173449878,
          -4.955862930544399,
          0.05928163553794297,
          0.030374250874256527,
          5.591043670293229e-05,
          -4.800625649211208e-05,
          -9.951559187254735e-08,
          2.785890344725351e-08,
          3.3107689907375534e-11,
          -5.349865408359655e-12
        ]
      },
      {
        "sno": 38,
        "params": [
          -9.571128736063784,
          6.680650173449878,
          -4.955862930544399,
          0.05928163553794297,
          0.030374250874256527,
          5.591043670293229e-05,
          -4.800625649211208e-05,
          -9.951559187254735e-08,
          2.781288862880898e-08,
          3.312778342879372e-11,
          -5.349865408359655e-12
        ]
      },
      {
        "sno": 39,
        "params": [
          -9.571128736063784,
          6.680650173449878,
          -4.955862930544399,
          0.05928163553794297,
          0.030374250874256527,
          5.591043670293229e-05,
          -4.800625649211208e-05,
          -9.951559187254735e-08,
          2.781288862880898e-08,
          3.310817547859367e-11,
          -5.3568926599451345e-12
        ]
      }
    ],
    "mating_pool": [],
    "after_cross": [],
    "after_mutation": []
  }
]