[
  [
    [
      -9.571128736063784,
      -2.2260835745644565,
      -5.820041831141163,
      0.06093603026814524,
      0.038125914277766536,
      9.011058977646077e-05,
      -6.048471019334063e-05,
      -1.1690661879776077e-07,
      3.477769440982139e-08,
      3.374094488710109e-11,
      -6.632668456146716e-12
    ],
    [
      658357.0961871841,
      663995.313111364
    ]
  ],
  [
    [
      -9.732823653917643,
      -1.768443135862682,
      -5.853292274526514,
      0.061296903606415425,
      0.038125914277766536,
      9.001052501736014e-05,
      -6.048471019334063e-05,
      -1.1690661879776077e-07,
      3.477769440982139e-08,
      3.374094488710109e-11,
      -6.632668456146716e-12
    ],
    [
      639430.6462156895,
      670357.6850798082
    ]
  ],
  [
    [
      -9.766421601005883,
      -2.185909577077915,
      -5.820041831141163,
      0.061296903606415425,
      0.038125914277766536,
      9.001052501736014e-05,
      -6.048471019334063e-05,
      -1.1690661879776077e-07,
      3.477769440982139e-08,
      3.374094488710109e-11,
      -6.632668456146716e-12
    ],
    [
      656055.8301280409,
      665132.8646966412
    ]
  ],
  [
    [
      -9.766421601005883,
      -2.185909577077915,
      -5.820041831141163,
      0.061296903606415425,
      0.038125914277766536,
      9.001052501736014e-05,
      -6.048471019334063e-05,
      -1.1690661879776077e-07,
      3.477769440982139e-08,
      3.374094488710109e-11,
      -6.632668456146716e-12
    ],
    [
      656055.8301280409,
      665132.8646966412
    ]
  ],
  [
    [
      -9.571128736063784,
      -1.8896222233371103,
      -5.853292274526514,
      0.061296903606415425,
      0.038125914277766536,
      9.001052501736014e-05,
      -6.048471019334063e-05,
      -1.1690661879776077e-07,
      3.477769440982139e-08,
      3.374094488710109e-11,
      -6.632668456146716e-12
    ],
    [
      640026.712555442,
      670546.3834663101
    ]
  ],
  [
    [
      -9.571128736063784,
      -2.1683566431817005,
      -5.820041831141163,
      0.061296903606415425,
      0.038125914277766536,
      9.001052501736014e-05,
      -6.048471019334063e-05,
      -1.1690661879776077e-07,
      3.477769440982139e-08,
      3.374094488710109e-11,
      -6.632668456146716e-12
    ],
    [
      655965.7735135328,
      665242.1867963414
    ]
  ],
  [
    [
      -9.571128736063784,
      -2.1683566431817005,
      -5.820041831141163,
      0.061296903606415425,
      0.038125914277766536,
      9.001052501736014e-05,
      -6.048471019334063e-05,
      -1.1690661879776077e-07,
      3.477769440982139e-08,
      3.374094488710109e-11,
      -6.632668456146716e-12
    ],
    [
      655965.7735135328,
      665242.1867963414
    ]
  ],
  [
    [
      -9.547100481251407,
      -1.8896222233371103,
      -5.853292274526514,
      0.061296903606415425,
      0.038125914277766536,
      9.001052501736014e-05,
      -6.048471019334063e-05,
      -1.1690661879776077e-07,
      3.477769440982139e-08,
      3.374094488710109e-11,
      -6.632668456146716e-12
    ],
    [
      640026.455288336,
      670558.9170564337
    ]
  ],
  [
    [
      -9.571128736063784,
      -2.185909577077915,
      -5.820041831141163,
      0.061296903606415425,
      0.038125914277766536,
      9.001052501736014e-05,
      -6.048471019334063e-05,
      -1.1690661879776077e-07,
      3.477769440982139e-08,
      3.374094488710109e-11,
      -6.632668456146716e-12
    ],
    [
      656065.6481247575,
      665249.5894972158
    ]
  ],
  [
    [
      -9.571128736063784,
      -2.185909577077915,
      -5.820041831141163,
      0.061296903606415425,
      0.038125914277766536,
      9.001052501736014e-05,
      -6.048471019334063e-05,
      -1.1690661879776077e-07,
      3.477769440982139e-08,
      3.374094488710109e-11,
      -6.632668456146716e-12
    ],
    [
      656065.6481247575,
      665249.5894972158
    ]
  ],
  [
    [
      -9.571128736063784,
      -2.185909577077915,
      -5.820041831141163,
      0.061296903606415425,
      0.038125914277766536,
      9.001052501736014e-05,
      -6.048471019334063e-05,
      -1.1690661879776077e-07,
      3.477769440982139e-08,
      3.374094488710109e-11,
      -6.632668456146716e-12
    ],
    [
      656065.6481247575,
      665249.5894972158
    ]
  ],
  [
    [
      -9.571128736063784,
      -2.185909577077915,
      -5.820041831141163,
      0.061296903606415425,
      0.038125914277766536,
      9.001052501736014e-05,
      -6.048471019334063e-05,
      -1.1690661879776077e-07,
      3.477769440982139e-08,
      3.374094488710109e-11,
      -6.632668456146716e-12
    ],
    [
      656065.6481247575,
      665249.5894972158
    ]
  ],
  [
    [
      -9.571128736063784,
      -2.185909577077915,
      -5.820041831141163,
      0.061296903606415425,
      0.038125914277766536,
      9.001052501736014e-05,
      -6.048471019334063e-05,
      -1.1690661879776077e-07,
      3.477769440982139e-08,
      3.374094488710109e-11,
      -6.632668456146716e-12
    ],
    [
      656065.6481247575,
      665249.5894972158
    ]
  ],
  [
    [
      -9.571128736063784,
      -2.185909577077915,
      -5.820041831141163,
      0.061296903606415425,
      0.038125914277766536,
      9.001052501736014e-05,
      -6.048471019334063e-05,
      -1.1690661879776077e-07,
      3.477769440982139e-08,
      3.374094488710109e-11,
      -6.632668456146716e-12
    ],
    [
      656065.6481247575,
      665249.5894972158
    ]
  ],
  [
    [
      -9.571128736063784,
      -2.185909577077915,
      -5.820041831141163,
      0.061296903606415425,
      0.038125914277766536,
      9.001052501736014e-05,
      -6.048471019334063e-05,
      -1.1690661879776077e-07,
      3.477769440982139e-08,
      3.374094488710109e-11,
      -6.632668456146716e-12
    ],
    [
      656065.6481247575,
      665249.5894972158
    ]
  ],
  [
    [
      -9.571128736063784,
      -2.185909577077915,
      -5.820041831141163,
      0.061296903606415425,
      0.038125914277766536,
      9.001052501736014e-05,
      -6.048471019334063e-05,
      -1.1690661879776077e-07,
      3.477769440982139e-08,
      3.374094488710109e-11,
      -6.632668456146716e-12
    ],
    [
      656065.6481247575,
      665249.5894972158
    ]
  ],
  [
    [
      -9.571128736063784,
      -2.185909577077915,
      -5.820041831141163,
      0.061296903606415425,
      0.038125914277766536,
      9.001052501736014e-05,
      -6.048471019334063e-05,
      -1.1690661879776077e-07,
      3.477769440982139e-08,
      3.374094488710109e-11,
      -6.632668456146716e-12
    ],
    [
      656065.6481247575,
      665249.5894972158
    ]
  ],
  [
    [
      -9.571128736063784,
      -2.185909577077915,
      -5.820041831141163,
      0.061296903606415425,
      0.038125914277766536,
      9.001052501736014e-05,
      -6.048471019334063e-05,
      -1.1690661879776077e-07,
      3.477769440982139e-08,
      3.374094488710109e-11,
      -6.632668456146716e-12
    ],
    [
      656065.6481247575,
      665249.5894972158
    ]
  ],
  [
    [
      -9.571128736063784,
      -2.185909577077915,
      -5.820041831141163,
      0.061296903606415425,
      0.038125914277766536,
      9.001052501736014e-05,
      -6.048471019334063e-05,
      -1.1690661879776077e-07,
      3.477769440982139e-08,
      3.374094488710109e-11,
      -6.632668456146716e-12
    ],
    [
      656065.6481247575,
      665249.5894972158
    ]
  ],
  [
    [
      -9.571128736063784,
      -2.185909577077915,
      -5.820041831141163,
      0.061296903606415425,
      0.038125914277766536,
      9.001052501736014e-05,
      -6.048471019334063e-05,
      -1.1690661879776077e-07,
      3.477769440982139e-08,
      3.374094488710109e-11,
      -6.632668456146716e-12
    ],
    [
      656065.6481247575,
      665249.5894972158
    ]
  ],
  [
    [
      -9.524348174082633,
      -2.185909577077915,
      -5.820041831141163,
      0.061296903606415425,
      0.038125914277766536,
      9.001052501736014e-05,
      -6.048471019334063e-05,
      -1.1690661879776077e-07,
      3.477769440982139e-08,
      3.374094488710109e-11,
      -6.632668456146716e-12
    ],
    [
      656068.0112575094,
      665277.5611454847
    ]
  ],
  [
    [
      -9.524348174082633,
      -2.185909577077915,
      -5.820041831141163,
      0.061296903606415425,
      0.038125914277766536,
      9.001052501736014e-05,
      -6.048471019334063e-05,
      -1.1690661879776077e-07,
      3.477769440982139e-08,
      3.374094488710109e-11,
      -6.632668456146716e-12
    ],
    [
      656068.0112575094,
      665277.5611454847
    ]
  ],
  [
    [
      -9.498960693851451,
      -2.185909577077915,
      -5.820041831141163,
      0.061296903606415425,
      0.038125914277766536,
      9.001052501736014e-05,
      -6.048471019334063e-05,
      -1.1690661879776077e-07,
      3.477769440982139e-08,
      3.374094488710109e-11,
      -6.632668456146716e-12
    ],
    [
      656069.2955450959,
      665292.7429934032
    ]
  ],
  [
    [
      -9.476045195274038,
      -2.185909577077915,
      -5.820041831141163,
      0.061296903606415425,
      0.038125914277766536,
      9.001052501736014e-05,
      -6.048471019334063e-05,
      -1.1690661879776077e-07,
      3.477769440982139e-08,
      3.374094488710109e-11,
      -6.632668456146716e-12
    ],
    [
      656070.4558883663,
      665306.4476900536
    ]
  ],
  [
    [
      -9.464043895960431,
      -2.185909577077915,
      -5.820041831141163,
      0.061296903606415425,
      0.038125914277766536,
      9.001052501736014e-05,
      -6.048471019334063e-05,
      -1.1690661879776077e-07,
      3.477769440982139e-08,
      3.374094488710109e-11,
      -6.632668456146716e-12
    ],
    [
      656071.0640020987,
      665313.625529485
    ]
  ],
  [
    [
      -9.571128736063784,
      -2.218612701247425,
      -5.820041831141163,
      0.061296903606415425,
      0.038125914277766536,
      9.001052501736014e-05,
      -6.048471019334063e-05,
      -1.1690661879776077e-07,
      3.477769440982139e-08,
      3.374094488710109e-11,
      -6.632668456146716e-12
    ],
    [
      656253.2145581865,
      665265.3591066827
    ]
  ],
  [
    [
      -9.439247446234244,
      -2.185909577077915,
      -5.820041831141163,
      0.061296903606415425,
      0.038125914277766536,
      9.001052501736014e-05,
      -6.048471019334063e-05,
      -1.1690661879776077e-07,
      3.477769440982139e-08,
      3.374094488710109e-11,
      -6.632668456146716e-12
    ],
    [
      656072.3213669858,
      665328.4569140165
    ]
  ],
  [
    [
      -9.439247446234244,
      -2.185909577077915,
      -5.820041831141163,
      0.061296903606415425,
      0.038125914277766536,
      9.001052501736014e-05,
      -6.048471019334063e-05,
      -1.1690661879776077e-07,
      3.477769440982139e-08,
      3.374094488710109e-11,
      -6.632668456146716e-12
    ],
    [
      656072.3213669858,
      665328.4569140165
    ]
  ],
  [
    [
      -9.439247446234244,
      -2.185909577077915,
      -5.820041831141163,
      0.061296903606415425,
      0.038125914277766536,
      9.001052501736014e-05,
      -6.048471019334063e-05,
      -1.1690661879776077e-07,
      3.477769440982139e-08,
      3.374094488710109e-11,
      -6.632668456146716e-12
    ],
    [
      656072.3213669858,
      665328.4569140165
    ]
  ],
  [
    [
      -9.439247446234244,
      -2.185909577077915,
      -5.820041831141163,
      0.061296903606415425,
      0.038125914277766536,
      9.001052501736014e-05,
      -6.048471019334063e-05,
      -1.1690661879776077e-07,
      3.477769440982139e-08,
      3.374094488710109e-11,
      -6.632668456146716e-12
    ],
    [
      656072.3213669858,
      665328.4569140165
    ]
  ],
  [
    [
      -9.439247446234244,
      -2.185909577077915,
      -5.820041831141163,
      0.061296903606415425,
      0.038125914277766536,
      9.001052501736014e-05,
      -6.048471019334063e-05,
      -1.1690661879776077e-07,
      3.477769440982139e-08,
      3.374094488710109e-11,
      -6.632668456146716e-12
    ],
    [
      656072.3213669858,
      665328.4569140165
    ]
  ],
  [
    [
      -9.439247446234244,
      -2.185909577077915,
      -5.820041831141163,
      0.061296903606415425,
      0.038125914277766536,
      9.001052501736014e-05,
      -6.048471019334063e-05,
      -1.1690661879776077e-07,
      3.477769440982139e-08,
      3.374094488710109e-11,
      -6.632668456146716e-12
    ],
    [
      656072.3213669858,
      665328.4569140165
    ]
  ],
  [
    [
      -9.439247446234244,
      -2.185909577077915,
      -5.820041831141163,
      0.061296903606415425,
      0.038125914277766536,
      9.001052501736014e-05,
      -6.048471019334063e-05,
      -1.1690661879776077e-07,
      3.477769440982139e-08,
      3.374094488710109e-11,
      -6.632668456146716e-12
    ],
    [
      656072.3213669858,
      665328.4569140165
    ]
  ],
  [
    [
      -9.439247446234244,
      -2.185909577077915,
      -5.820041831141163,
      0.061296903606415425,
      0.038125914277766536,
      9.001052501736014e-05,
      -6.048471019334063e-05,
      -1.1690661879776077e-07,
      3.477769440982139e-08,
      3.374094488710109e-11,
      -6.632668456146716e-12
    ],
    [
      656072.3213669858,
      665328.4569140165
    ]
  ],
  [
    [
      -9.439247446234244,
      -2.185909577077915,
      -5.820041831141163,
      0.061296903606415425,
      0.038125914277766536,
      9.001052501736014e-05,
      -6.048471019334063e-05,
      -1.1690661879776077e-07,
      3.477769440982139e-08,
      3.374094488710109e-11,
      -6.632668456146716e-12
    ],
    [
      656072.3213669858,
      665328.4569140165
    ]
  ],
  [
    [
      -9.439247446234244,
      -2.185909577077915,
      -5.820041831141163,
      0.061296903606415425,
      0.038125914277766536,
      9.001052501736014e-05,
      -6.048471019334063e-05,
      -1.1690661879776077e-07,
      3.477769440982139e-08,
      3.374094488710109e-11,
      -6.632668456146716e-12
    ],
    [
      656072.3213669858,
      665328.4569140165
    ]
  ],
  [
    [
      -9.435828549806594,
      -2.185909577077915,
      -5.820041831141163,
      0.061296903606415425,
      0.038125914277766536,
      9.001052501736014e-05,
      -6.048471019334063e-05,
      -1.1690661879776077e-07,
      3.477769440982139e-08,
      3.374094488710109e-11,
      -6.632668456146716e-12
    ],
    [
      656072.4948269981,
      665330.5019390286
    ]
  ],
  [
    [
      -9.439247446234244,
      -2.217307847302295,
      -5.820041831141163,
      0.061296903606415425,
      0.038125914277766536,
      9.001052501736014e-05,
      -6.048471019334063e-05,
      -1.1690661879776077e-07,
      3.477769440982139e-08,
      3.374094488710109e-11,
      -6.632668456146716e-12
    ],
    [
      656252.3803113301,
      665343.4959781029
    ]
  ],
  [
    [
      -9.571128736063784,
      6.680650173449878,
      -4.955862930544399,
      0.05928163553794297,
      0.030374250874256527,
      5.593125966272605e-05,
      -4.800625649211208e-05,
      -9.922961490511861e-08,
      2.781288862880898e-08,
      3.310817547859367e-11,
      -5.349865408359655e-12
    ],
    [
      473603.1897184293,
      738988.2962438619
    ]
  ],
  [
    [
      -9.571128736063784,
      6.680650173449878,
      -4.955862930544399,
      0.05928163553794297,
      0.030374250874256527,
      5.6069687295420576e-05,
      -4.800625649211208e-05,
      -9.940176332511661e-08,
      2.781288862880898e-08,
      3.310817547859367e-11,
      -5.349865408359655e-12
    ],
    [
      481112.1674646091,
      706613.7636683492
    ]
  ],
  [
    [
      -9.571128736063784,
      -2.185909577077915,
      -5.820041831141163,
      0.061296903606415425,
      0.038125914277766536,
      8.989641552730837e-05,
      -6.048471019334063e-05,
      -1.1690661879776077e-07,
      3.477769440982139e-08,
      3.374094488710109e-11,
      -6.632668456146716e-12
    ],
    [
      663905.3417874824,
      658267.8331375469
    ]
  ],
  [
    [
      -9.439247446234244,
      -2.185909577077915,
      -5.820041831141163,
      0.061296903606415425,
      0.038125914277766536,
      9.001052501736014e-05,
      -6.048471019334063e-05,
      -1.168262300934511e-07,
      3.477769440982139e-08,
      3.374094488710109e-11,
      -6.632668456146716e-12
    ],
    [
      643186.8884409583,
      678421.2572146343
    ]
  ],
  [
    [
      -9.580447217128016,
      -2.185909577077915,
      -5.820041831141163,
      0.061296903606415425,
      0.038125914277766536,
      9.001052501736014e-05,
      -6.048471019334063e-05,
      -1.1690661879776077e-07,
      3.477769440982139e-08,
      3.374094488710109e-11,
      -6.632668456146716e-12
    ],
    [
      656065.177921912,
      665244.0181913349
    ]
  ],
  [
    [
      -9.439247446234244,
      -2.185909577077915,
      -5.820041831141163,
      0.061296903606415425,
      0.038125914277766536,
      9.001052501736014e-05,
      -6.048471019334063e-05,
      -1.1690661879776077e-07,
      3.477769440982139e-08,
      3.374094488710109e-11,
      -6.632668456146716e-12
    ],
    [
      656072.3213669858,
      665328.4569140165
    ]
  ],
  [
    [
      -9.439247446234244,
      -2.185909577077915,
      -5.828636309074085,
      0.061296903606415425,
      0.038125914277766536,
      9.001052501736014e-05,
      -6.048471019334063e-05,
      -1.1690661879776077e-07,
      3.477769440982139e-08,
      3.374094488710109e-11,
      -6.632668456146716e-12
    ],
    [
      651999.3317042193,
      666360.030450817
    ]
  ],
  [
    [
      -9.439247446234244,
      -2.185909577077915,
      -5.820041831141163,
      0.061296903606415425,
      0.038125914277766536,
      9.001052501736014e-05,
      -6.048471019334063e-05,
      -1.1690661879776077e-07,
      3.477769440982139e-08,
      3.374094488710109e-11,
      -6.632668456146716e-12
    ],
    [
      656072.3213669858,
      665328.4569140165
    ]
  ],
  [
    [
      -9.571128736063784,
      -2.1683566431817005,
      -5.820041831141163,
      0.061296903606415425,
      0.038125914277766536,
      9.001052501736014e-05,
      -6.037329640767719e-05,
      -1.1690661879776077e-07,
      3.477769440982139e-08,
      3.374094488710109e-11,
      -6.632668456146716e-12
    ],
    [
      1324768.3549826893,
      896345.9932647136
    ]
  ],
  [
    [
      -9.524348174082633,
      -2.185909577077915,
      -5.820041831141163,
      0.061296903606415425,
      0.038125914277766536,
      9.001052501736014e-05,
      -6.048471019334063e-05,
      -1.1690661879776077e-07,
      3.477769440982139e-08,
      3.374094488710109e-11,
      -6.632668456146716e-12
    ],
    [
      656068.0112575094,
      665277.5611454847
    ]
  ],
  [
    [
      -9.571128736063784,
      -2.185909577077915,
      -5.820041831141163,
      0.061296903606415425,
      0.038125914277766536,
      9.001052501736014e-05,
      -6.048471019334063e-05,
      -1.1699210435257625e-07,
      3.477769440982139e-08,
      3.374094488710109e-11,
      -6.632668456146716e-12
    ],
    [
      670570.2226345383,
      652428.0670451957
    ]
  ],
  [
    [
      -9.439247446234244,
      -2.217307847302295,
      -5.820041831141163,
      0.061296903606415425,
      0.038125914277766536,
      9.01705581545696e-05,
      -6.048471019334063e-05,
      -1.1690661879776077e-07,
      3.477769440982139e-08,
      3.374094488710109e-11,
      -6.632668456146716e-12
    ],
    [
      645780.2641999687,
      675853.7383114095
    ]
  ],
  [
    [
      -9.571128736063784,
      -2.185909577077915,
      -5.820041831141163,
      0.061296903606415425,
      0.038125914277766536,
      9.001052501736014e-05,
      -6.048471019334063e-05,
      -1.1690661879776077e-07,
      3.477769440982139e-08,
      3.374094488710109e-11,
      -6.632668456146716e-12
    ],
    [
      656065.6481247575,
      665249.5894972158
    ]
  ],
  [
    [
      -9.439247446234244,
      -2.185328857266524,
      -5.820041831141163,
      0.061296903606415425,
      0.038125914277766536,
      9.001052501736014e-05,
      -6.048471019334063e-05,
      -1.1690661879776077e-07,
      3.477769440982139e-08,
      3.374094488710109e-11,
      -6.632668456146716e-12
    ],
    [
      656069.0079466098,
      665328.2011071339
    ]
  ],
  [
    [
      -9.571128736063784,
      -2.1683566431817005,
      -5.820041831141163,
      0.061296903606415425,
      0.038125914277766536,
      9.001052501736014e-05,
      -6.048471019334063e-05,
      0.731680647244965,
      3.477769440982139e-08,
      3.374094488710109e-11,
      -6.632668456146716e-12
    ],
    [
      3.0278163367990546e+22,
      4.152670551957855e+22
    ]
  ],
  [
    [
      -9.571128736063784,
      -2.185909577077915,
      -5.820041831141163,
      0.061296903606415425,
      0.038125914277766536,
      9.001052501736014e-05,
      -6.0529208428382466e-05,
      -1.1690661879776077e-07,
      3.477769440982139e-08,
      3.374094488710109e-11,
      -6.632668456146716e-12
    ],
    [
      573197.8280918862,
      825766.8234555296
    ]
  ],
  [
    [
      -9.571128736063784,
      -2.2260835745644565,
      -5.820041831141163,
      0.061412475014507514,
      0.038125914277766536,
      9.001052501736014e-05,
      -6.048471019334063e-05,
      -1.1690661879776077e-07,
      3.477769440982139e-08,
      3.374094488710109e-11,
      -6.632668456146716e-12
    ],
    [
      653538.7852554137,
      667777.8366486876
    ]
  ],
  [
    [
      -9.571128736063784,
      -2.185909577077915,
      -5.820041831141163,
      0.06093603026814524,
      0.038125914277766536,
      9.011058977646077e-05,
      -6.048471019334063e-05,
      -1.1690661879776077e-07,
      3.477769440982139e-08,
      3.374094488710109e-11,
      -6.632668456146716e-12
    ],
    [
      658105.217483314,
      663948.1341936925
    ]
  ],
  [
    [
      -9.571128736063784,
      -2.185909577077915,
      -5.820041831141163,
      0.061296903606415425,
      0.038125914277766536,
      9.001052501736014e-05,
      -6.048471019334063e-05,
      -1.1690661879776077e-07,
      3.4797965333858913e-08,
      3.374094488710109e-11,
      -6.632668456146716e-12
    ],
    [
      846644.2166060202,
      643912.6945183193
    ]
  ],
  [
    [
      -9.571128736063784,
      -2.185909577077915,
      -5.820041831141163,
      0.061296903606415425,
      0.0380455785201311,
      9.001052501736014e-05,
      -6.048471019334063e-05,
      -1.1690661879776077e-07,
      3.477769440982139e-08,
      3.374094488710109e-11,
      -6.632668456146716e-12
    ],
    [
      592829.3511917036,
      783715.2811730301
    ]
  ],
  [
    [
      -9.571128736063784,
      -2.218612701247425,
      -5.820041831141163,
      0.061296903606415425,
      0.038125914277766536,
      9.001052501736014e-05,
      -6.046039358196436e-05,
      -1.1690661879776077e-07,
      3.477769440982139e-08,
      3.374094488710109e-11,
      -6.632668456146716e-12
    ],
    [
      745959.1725676407,
      638396.8512563135
    ]
  ],
  [
    [
      -9.571128736063784,
      -2.185909577077915,
      -5.820041831141163,
      0.061296903606415425,
      0.038125914277766536,
      9.001052501736014e-05,
      -6.048471019334063e-05,
      -1.1690661879776077e-07,
      3.477769440982139e-08,
      3.374094488710109e-11,
      -6.632668456146716e-12
    ],
    [
      656065.6481247575,
      665249.5894972158
    ]
  ],
  [
    [
      -9.439247446234244,
      -2.185909577077915,
      -5.820041831141163,
      0.061296903606415425,
      0.038125914277766536,
      9.001052501736014e-05,
      -6.048471019334063e-05,
      -1.1671303535262785e-07,
      3.477769440982139e-08,
      3.374094488710109e-11,
      -6.632668456146716e-12
    ],
    [
      626282.3176851948,
      698556.8576342708
    ]
  ],
  [
    [
      -9.571128736063784,
      -2.185909577077915,
      -5.820041831141163,
      0.061296903606415425,
      0.038125914277766536,
      9.001052501736014e-05,
      -6.048471019334063e-05,
      -1.1690661879776077e-07,
      3.477769440982139e-08,
      3.3756897674085366e-11,
      -6.632668456146716e-12
    ],
    [
      650033.1405026936,
      671269.3752086658
    ]
  ],
  [
    [
      -9.439247446234244,
      -2.185909577077915,
      -5.822666662182828,
      0.061296903606415425,
      0.038125914277766536,
      9.001052501736014e-05,
      -6.048471019334063e-05,
      -1.1690661879776077e-07,
      3.477769440982139e-08,
      3.310817547859367e-11,
      -5.349865408359655e-12
    ],
    [
      948078868.4395788,
      1277557085.4030976
    ]
  ],
  [
    [
      -9.571128736063784,
      6.678824018718271,
      -4.955862930544399,
      0.05928163553794297,
      0.030374250874256527,
      5.593125966272605e-05,
      -4.800625649211208e-05,
      -9.922961490511861e-08,
      2.781288862880898e-08,
      3.374094488710109e-11,
      -6.632668456146716e-12
    ],
    [
      894288310.5829086,
      1302970734.4320407
    ]
  ],
  [
    [
      -9.547100481251407,
      -1.8896222233371103,
      -5.820041831141163,
      0.061296903606415425,
      0.038125914277766536,
      9.001052501736014e-05,
      -6.048471019334063e-05,
      -1.1690661879776077e-07,
      3.477769440982139e-08,
      3.374094488710109e-11,
      -6.632668456146716e-12
    ],
    [
      654455.7905105054,
      665238.4593563641
    ]
  ],
  [
    [
      -9.435828549806594,
      -2.185909577077915,
      -5.853292274526514,
      0.061296903606415425,
      0.038125914277766536,
      9.001052501736014e-05,
      -6.048471019334063e-05,
      -1.1690661879776077e-07,
      3.477769440982139e-08,
      3.374094488710109e-11,
      -6.632668456146716e-12
    ],
    [
      641599.3074313747,
      671019.9201434155
    ]
  ],
  [
    [
      -9.439247446234244,
      -2.185909577077915,
      -5.820041831141163,
      0.061296903606415425,
      0.038125914277766536,
      9.001052501736014e-05,
      -6.048471019334063e-05,
      -1.1690661879776077e-07,
      3.477769440982139e-08,
      3.374094488710109e-11,
      -6.632668456146716e-12
    ],
    [
      656072.3213669858,
      665328.4569140165
    ]
  ],
  [
    [
      -9.571128736063784,
      -1.8896222233371103,
      -5.853292274526514,
      0.061296903606415425,
      0.038125914277766536,
      8.989930568964738e-05,
      -6.048471019334063e-05,
      -1.1690661879776077e-07,
      3.477769440982139e-08,
      3.374094488710109e-11,
      -6.632668456146716e-12
    ],
    [
      647531.4039982276,
      663956.5309256476
    ]
  ],
  [
    [
      -9.439247446234244,
      -2.185909577077915,
      -5.820041831141163,
      0.061296903606415425,
      0.038125914277766536,
      9.001052501736014e-05,
      -6.043698192067493e-05,
      -1.1690661879776077e-07,
      3.477769440982139e-08,
      3.374094488710109e-11,
      -6.632668456146716e-12
    ],
    [
      861884.5641970364,
      653550.7451536283
    ]
  ],
  [
    [
      -9.571128736063784,
      -2.218612701247425,
      -5.820041831141163,
      0.061296903606415425,
      0.038125914277766536,
      9.001052501736014e-05,
      -6.038817444652575e-05,
      -1.1690661879776077e-07,
      3.477769440982139e-08,
      3.374094488710109e-11,
      -6.632668456146716e-12
    ],
    [
      1197517.4831733021,
      812550.3199527655
    ]
  ],
  [
    [
      -9.439247446234244,
      -2.185909577077915,
      -5.820041831141163,
      0.061296903606415425,
      0.038125914277766536,
      9.001052501736014e-05,
      -6.0529563981042236e-05,
      -1.1690661879776077e-07,
      3.477769440982139e-08,
      3.374094488710109e-11,
      -6.632668456146716e-12
    ],
    [
      572930.1908382844,
      827661.1606819124
    ]
  ],
  [
    [
      -9.571128736063784,
      -2.185909577077915,
      -5.820041831141163,
      0.061296903606415425,
      0.038125914277766536,
      9.001052501736014e-05,
      -6.048471019334063e-05,
      -1.1701417843435801e-07,
      3.477769440982139e-08,
      3.374094488710109e-11,
      -6.632668456146716e-12
    ],
    [
      674449.876304791,
      649301.462094618
    ]
  ],
  [
    [
      -9.45788197584549,
      -2.185909577077915,
      -5.820041831141163,
      0.061296903606415425,
      0.038125914277766536,
      9.001052501736014e-05,
      -6.048471019334063e-05,
      -9.922961490511861e-08,
      2.781288862880898e-08,
      3.310817547859367e-11,
      -5.349865408359655e-12
    ],
    [
      2059487453.080632,
      2897554309.8944063
    ]
  ],
  [
    [
      -9.583964902314664,
      6.680650173449878,
      -4.955862930544399,
      0.05928163553794297,
      0.030374250874256527,
      5.593125966272605e-05,
      -4.800625649211208e-05,
      -1.1690661879776077e-07,
      3.477769440982139e-08,
      3.374094488710109e-11,
      -6.632668456146716e-12
    ],
    [
      2142339326.650381,
      2856094269.8973074
    ]
  ],
  [
    [
      -9.498960693851451,
      -2.185909577077915,
      -5.820041831141163,
      0.061296903606415425,
      0.038125914277766536,
      9.001052501736014e-05,
      -6.044311965308861e-05,
      -1.1690661879776077e-07,
      3.477769440982139e-08,
      3.374094488710109e-11,
      -6.632668456146716e-12
    ],
    [
      828620.8350788133,
      645710.950075146
    ]
  ],
  [
    [
      -9.439247446234244,
      -2.185909577077915,
      -5.820041831141163,
      0.061296903606415425,
      0.038125914277766536,
      9.01685323030761e-05,
      -6.048471019334063e-05,
      -1.1690661879776077e-07,
      3.477769440982139e-08,
      3.374094488710109e-11,
      -6.632668456146716e-12
    ],
    [
      645758.6568506539,
      675740.3961070215
    ]
  ],
  [
    [
      -9.571128736063784,
      -2.185909577077915,
      -5.820041831141163,
      0.061296903606415425,
      0.038125914277766536,
      9.001052501736014e-05,
      -6.048471019334063e-05,
      -1.1690661879776077e-07,
      3.477769440982139e-08,
      3.369246081950999e-11,
      -6.632668456146716e-12
    ],
    [
      675217.3096182508,
      648079.558439384
    ]
  ],
  [
    [
      -9.766421601005883,
      -2.185909577077915,
      -5.820041831141163,
      0.061296903606415425,
      0.038125914277766536,
      9.001052501736014e-05,
      -6.048471019334063e-05,
      -1.1690661879776077e-07,
      3.477769440982139e-08,
      3.374094488710109e-11,
      -6.632668456146716e-12
    ],
    [
      656055.8301280409,
      665132.8646966412
    ]
  ],
  [
    [
      -9.439247446234244,
      -2.185909577077915,
      -5.820041831141163,
      0.061296903606415425,
      0.038125914277766536,
      9.001052501736014e-05,
      -6.048471019334063e-05,
      -1.1690661879776077e-07,
      3.477769440982139e-08,
      3.3691308150095794e-11,
      -6.632668456146716e-12
    ],
    [
      675693.8621094911,
      647769.3535797491
    ]
  ],
  [
    [
      -9.571128736063784,
      -2.1683566431817005,
      -5.820041831141163,
      0.061296903606415425,
      0.038125914277766536,
      9.001052501736014e-05,
      -6.048471019334063e-05,
      -1.1690661879776077e-07,
      3.477769440982139e-08,
      3.374094488710109e-11,
      0.5619439038603878
    ],
    [
      1.7888968487651604e+32,
      2.4755213267226892e+32
    ]
  ],
  [
    [
      -9.498960693851451,
      -2.185909577077915,
      -5.820041831141163,
      0.061296903606415425,
      0.038125914277766536,
      9.011058977646077e-05,
      -6.048471019334063e-05,
      -1.1690661879776077e-07,
      3.477769440982139e-08,
      3.374094488710109e-11,
      -0.5841415270348665
    ],
    [
      1.9330163786133048e+32,
      2.6749576273586176e+32
    ]
  ],
  [
    [
      -9.571128736063784,
      -2.185909577077915,
      -5.820041831141163,
      0.06093603026814524,
      0.038125914277766536,
      9.001052501736014e-05,
      -6.044311965308861e-05,
      -1.1690661879776077e-07,
      3.477769440982139e-08,
      3.374094488710109e-11,
      -6.632668456146716e-12
    ],
    [
      836747.3398983933,
      635056.1141221696
    ]
  ],
  [
    [
      -9.439247446234244,
      -2.215435396922405,
      -5.820041831141163,
      0.061296903606415425,
      0.038125914277766536,
      9.001052501736014e-05,
      -6.048471019334063e-05,
      -1.1690661879776077e-07,
      3.477769440982139e-08,
      3.374094488710109e-11,
      -6.632668456146716e-12
    ],
    [
      656241.5923386032,
      665342.5325956929
    ]
  ],
  [
    [
      -9.439247446234244,
      -2.185909577077915,
      -5.820041831141163,
      0.061296903606415425,
      0.038125914277766536,
      9.01705581545696e-05,
      -6.0587403679606325e-05,
      -1.1690661879776077e-07,
      3.477769440982139e-08,
      3.374094488710109e-11,
      -6.632668456146716e-12
    ],
    [
      610170.5888324489,
      1257764.5857324456
    ]
  ],
  [
    [
      -9.571128736063784,
      -2.185909577077915,
      -5.820041831141163,
      0.061296903606415425,
      0.03803381861085338,
      9.001052501736014e-05,
      -6.048471019334063e-05,
      -1.1699210435257625e-07,
      3.477769440982139e-08,
      3.374094488710109e-11,
      -6.632668456146716e-12
    ],
    [
      606023.5323397444,
      800159.9842923107
    ]
  ],
  [
    [
      -9.571128736063784,
      -2.185909577077915,
      -5.820041831141163,
      0.06093603026814524,
      0.038125914277766536,
      9.011058977646077e-05,
      -6.048471019334063e-05,
      -1.1690661879776077e-07,
      3.477769440982139e-08,
      3.374094488710109e-11,
      -6.632668456146716e-12
    ],
    [
      658105.217483314,
      663948.1341936925
    ]
  ],
  [
    [
      -9.439247446234244,
      -2.182742519279157,
      -5.820041831141163,
      0.061296903606415425,
      0.038125914277766536,
      9.001052501736014e-05,
      -6.048471019334063e-05,
      -1.1671303535262785e-07,
      3.477769440982139e-08,
      3.374094488710109e-11,
      -6.632668456146716e-12
    ],
    [
      626271.7130488493,
      698565.6432951736
    ]
  ],
  [
    [
      -9.439247446234244,
      -2.185909577077915,
      -5.820041831141163,
      0.061296903606415425,
      0.03804063272384635,
      9.001052501736014e-05,
      -6.048471019334063e-05,
      -1.1690661879776077e-07,
      3.477769440982139e-08,
      3.374094488710109e-11,
      -6.632668456146716e-12
    ],
    [
      591473.2100732422,
      794539.3851481737
    ]
  ],
  [
    [
      -9.571128736063784,
      -2.185909577077915,
      -5.820041831141163,
      0.061296903606415425,
      0.038125914277766536,
      9.001052501736014e-05,
      -6.048471019334063e-05,
      -1.1707049278228924e-07,
      3.4797965333858913e-08,
      3.374094488710109e-11,
      -6.632668456146716e-12
    ],
    [
      871655.910431572,
      617579.1840833022
    ]
  ],
  [
    [
      -9.547100481251407,
      -1.8896222233371103,
      -5.820041831141163,
      0.061296903606415425,
      0.038125914277766536,
      9.001052501736014e-05,
      -6.048471019334063e-05,
      -1.1690661879776077e-07,
      3.477769440982139e-08,
      3.374094488710109e-11,
      -6.632668456146716e-12
    ],
    [
      654455.7905105054,
      665238.4593563641
    ]
  ],
  [
    [
      -9.439247446234244,
      -2.185909577077915,
      -5.820041831141163,
      0.061296903606415425,
      0.038036634815624026,
      9.001052501736014e-05,
      -6.048471019334063e-05,
      -1.1690661879776077e-07,
      3.477769440982139e-08,
      3.374094488710109e-11,
      -6.632668456146716e-12
    ],
    [
      590615.9139615719,
      803557.320593201
    ]
  ],
  [
    [
      -9.571128736063784,
      -1.8896222233371103,
      -5.853292274526514,
      0.061296903606415425,
      0.038125914277766536,
      8.989930568964738e-05,
      -6.048471019334063e-05,
      -1.1690661879776077e-07,
      3.477769440982139e-08,
      3.374094488710109e-11,
      -6.632668456146716e-12
    ],
    [
      647531.4039982276,
      663956.5309256476
    ]
  ],
  [
    [
      -9.439247446234244,
      -2.185909577077915,
      -5.820041831141163,
      0.061296903606415425,
      0.038125914277766536,
      9.000216473685223e-05,
      -6.048471019334063e-05,
      -1.1690661879776077e-07,
      3.477769440982139e-08,
      3.3691308150095794e-11,
      -6.632668456146716e-12
    ],
    [
      676304.0358138214,
      647306.8557551119
    ]
  ],
  [
    [
      -9.439247446234244,
      -2.185909577077915,
      -5.820041831141163,
      0.061296903606415425,
      0.03817872717080571,
      9.01685323030761e-05,
      -6.048471019334063e-05,
      -1.1690661879776077e-07,
      3.477769440982139e-08,
      3.374094488710109e-11,
      -6.632668456146716e-12
    ],
    [
      730644.2391902803,
      658104.3464446294
    ]
  ],
  [
    [
      -9.439247446234244,
      -2.185909577077915,
      -5.820041831141163,
      0.061296903606415425,
      0.038125914277766536,
      9.001052501736014e-05,
      -6.046039358196436e-05,
      -1.1690661879776077e-07,
      3.477769440982139e-08,
      3.374094488710109e-11,
      -6.632668456146716e-12
    ],
    [
      745811.8870142682,
      638590.9511169116
    ]
  ],
  [
    [
      -9.571128736063784,
      -2.218612701247425,
      -5.820041831141163,
      0.061296903606415425,
      0.038125914277766536,
      9.01685323030761e-05,
      -6.048471019334063e-05,
      -1.1690661879776077e-07,
      3.477769440982139e-08,
      3.374094488710109e-11,
      -6.632668456146716e-12
    ],
    [
      645908.3585336085,
      675633.8007162157
    ]
  ],
  [
    [
      -9.571128736063784,
      -2.185909577077915,
      -5.820041831141163,
      0.061296903606415425,
      0.038125914277766536,
      9.001052501736014e-05,
      -6.048471019334063e-05,
      -1.168262300934511e-07,
      3.477769440982139e-08,
      3.374094488710109e-11,
      -6.632668456146716e-12
    ],
    [
      643180.0249926104,
      678340.9903940281
    ]
  ],
  [
    [
      -9.439247446234244,
      -2.185909577077915,
      -5.820041831141163,
      0.061296903606415425,
      0.038125914277766536,
      9.001052501736014e-05,
      -6.048471019334063e-05,
      -1.1699210435257625e-07,
      3.477769440982139e-08,
      3.374094488710109e-11,
      -6.632668456146716e-12
    ],
    [
      670576.6936110903,
      652505.446332392
    ]
  ],
  [
    [
      -9.435828549806594,
      -2.185909577077915,
      -5.853292274526514,
      0.061296903606415425,
      0.038125914277766536,
      9.001052501736014e-05,
      -6.048471019334063e-05,
      -1.1690661879776077e-07,
      3.477769440982139e-08,
      3.374094488710109e-11,
      -6.632668456146716e-12
    ],
    [
      641599.3074313747,
      671019.9201434155
    ]
  ],
  [
    [
      -9.580447217128016,
      -2.185909577077915,
      -5.820041831141163,
      0.061296903606415425,
      0.038125914277766536,
      9.001052501736014e-05,
      -6.048471019334063e-05,
      -1.1690661879776077e-07,
      3.477769440982139e-08,
      3.374094488710109e-11,
      -6.63731496213524e-12
    ],
    [
      596632.9058894592,
      727921.4610443574
    ]
  ],
  [
    [
      -9.439247446234244,
      -2.185909577077915,
      -5.820041831141163,
      0.061270198680598575,
      0.038125914277766536,
      9.001052501736014e-05,
      -6.048471019334063e-05,
      -1.1690661879776077e-07,
      3.477769440982139e-08,
      3.374094488710109e-11,
      -6.632668456146716e-12
    ],
    [
      656717.6126716591,
      664759.6592608598
    ]
  ],
  [
    [
      -9.766421601005883,
      -2.185909577077915,
      -5.824144888210395,
      0.061296903606415425,
      0.038125914277766536,
      9.001052501736014e-05,
      -6.048471019334063e-05,
      -1.1690661879776077e-07,
      3.477769440982139e-08,
      3.374094488710109e-11,
      -6.632668456146716e-12
    ],
    [
      654084.913791586,
      665590.3895606261
    ]
  ],
  [
    [
      -9.439247446234244,
      -2.185909577077915,
      -5.820041831141163,
      0.061296903606415425,
      0.038125914277766536,
      9.001052501736014e-05,
      -6.048471019334063e-05,
      -1.1690661879776077e-07,
      3.477769440982139e-08,
      3.374094488710109e-11,
      -6.632668456146716e-12
    ],
    [
      656072.3213669858,
      665328.4569140165
    ]
  ],
  [
    [
      -9.439247446234244,
      -2.185909577077915,
      -5.828636309074085,
      0.061296903606415425,
      0.038125914277766536,
      9.001052501736014e-05,
      -6.048471019334063e-05,
      -1.1671303535262785e-07,
      3.477769440982139e-08,
      3.374094488710109e-11,
      -6.632668456146716e-12
    ],
    [
      622105.6537359139,
      699212.3964315533
    ]
  ],
  [
    [
      -9.571128736063784,
      -2.185909577077915,
      -5.820041831141163,
      0.061296903606415425,
      0.038125914277766536,
      9.001052501736014e-05,
      -6.048471019334063e-05,
      -1.1690661879776077e-07,
      3.477769440982139e-08,
      3.374094488710109e-11,
      -6.632668456146716e-12
    ],
    [
      656065.6481247575,
      665249.5894972158
    ]
  ],
  [
    [
      -9.571128736063784,
      -2.185909577077915,
      -5.820041831141163,
      0.061296903606415425,
      0.038125914277766536,
      9.001052501736014e-05,
      -6.048471019334063e-05,
      -1.1690661879776077e-07,
      3.4797965333858913e-08,
      3.37049963248363e-11,
      -6.632668456146716e-12
    ],
    [
      858898.548084079,
      630349.2077580102
    ]
  ],
  [
    [
      -9.571128736063784,
      -2.185909577077915,
      -5.820041831141163,
      0.06131967373758986,
      0.038125914277766536,
      9.001052501736014e-05,
      -6.048471019334063e-05,
      -1.1690661879776077e-07,
      3.477769440982139e-08,
      3.374094488710109e-11,
      -6.632668456146716e-12
    ],
    [
      655518.8446114196,
      665739.0361298597
    ]
  ],
  [
    [
      -9.593417953029384,
      -2.185909577077915,
      -5.820041831141163,
      0.061296903606415425,
      0.038125914277766536,
      9.001052501736014e-05,
      -6.048471019334063e-05,
      -1.1690661879776077e-07,
      3.477769440982139e-08,
      3.3756897674085366e-11,
      -6.632668456146716e-12
    ],
    [
      650031.9939391749,
      671255.9689208375
    ]
  ],
  [
    [
      -9.498960693851451,
      -2.185909577077915,
      -5.820041831141163,
      0.061296903606415425,
      0.038125914277766536,
      9.001052501736014e-05,
      -6.030274643767446e-05,
      -1.1690661879776077e-07,
      3.477769440982139e-08,
      3.374094488710109e-11,
      -6.632668456146716e-12
    ],
    [
      2089300.2650987383,
      1510041.324849182
    ]
  ],
  [
    [
      -9.435828549806594,
      -2.185909577077915,
      -5.853292274526514,
      0.061296903606415425,
      0.038125914277766536,
      9.001052501736014e-05,
      -6.048471019334063e-05,
      -1.1690661879776077e-07,
      3.473408055143932e-08,
      3.374094488710109e-11,
      -6.632668456146716e-12
    ],
    [
      606128.3938179172,
      1231021.917956391
    ]
  ],
  [
    [
      -9.571128736063784,
      -2.185909577077915,
      -5.820041831141163,
      0.061296903606415425,
      0.038125914277766536,
      9.001052501736014e-05,
      -6.048471019334063e-05,
      -1.171878181615027e-07,
      3.477769440982139e-08,
      3.374094488710109e-11,
      -6.632668456146716e-12
    ],
    [
      706890.1260305633,
      627342.9361777294
    ]
  ],
  [
    [
      -9.439247446234244,
      -1.8896222233371103,
      -5.853292274526514,
      0.061296903606415425,
      0.038125914277766536,
      8.989930568964738e-05,
      -6.048471019334063e-05,
      -1.1690661879776077e-07,
      3.477769440982139e-08,
      3.374094488710109e-11,
      -6.632668456146716e-12
    ],
    [
      647529.9864895238,
      664024.2468472832
    ]
  ],
  [
    [
      -9.439247446234244,
      -2.185909577077915,
      -5.820041831141163,
      0.061296903606415425,
      0.038125914277766536,
      9.001052501736014e-05,
      -6.048471019334063e-05,
      -1.1690661879776077e-07,
      3.477769440982139e-08,
      3.374094488710109e-11,
      -6.632668456146716e-12
    ],
    [
      656072.3213669858,
      665328.4569140165
    ]
  ],
  [
    [
      -9.439247446234244,
      -2.185909577077915,
      -5.820041831141163,
      0.061296903606415425,
      0.038125914277766536,
      9.001052501736014e-05,
      -6.0529563981042236e-05,
      -1.1690661879776077e-07,
      3.477769440982139e-08,
      3.374094488710109e-11,
      -6.632668456146716e-12
    ],
    [
      572930.1908382844,
      827661.1606819124
    ]
  ],
  [
    [
      -9.571128736063784,
      -1.8896222233371103,
      -5.854599959202198,
      0.061296903606415425,
      0.038125914277766536,
      9.001052501736014e-05,
      -6.038817444652575e-05,
      -1.1690661879776077e-07,
      3.477769440982139e-08,
      3.374094488710109e-11,
      -6.632668456146716e-12
    ],
    [
      1140780.4252573447,
      766982.1033709089
    ]
  ],
  [
    [
      -9.571128736063784,
      -2.218612701247425,
      -5.832721704158122,
      0.061296903606415425,
      0.038125914277766536,
      8.989930568964738e-05,
      -6.048471019334063e-05,
      -1.1690661879776077e-07,
      3.477769440982139e-08,
      3.374094488710109e-11,
      -6.632668456146716e-12
    ],
    [
      658011.0797603622,
      660319.7596030523
    ]
  ],
  [
    [
      -9.498960693851451,
      -2.185909577077915,
      -5.820041831141163,
      0.06135090570684681,
      0.038125914277766536,
      9.001052501736014e-05,
      -6.044311965308861e-05,
      -1.1690661879776077e-07,
      3.477769440982139e-08,
      3.374094488710109e-11,
      -6.632668456146716e-12
    ],
    [
      827469.0510424947,
      647386.3548653522
    ]
  ],
  [
    [
      -9.439247446234244,
      -2.182040832747628,
      -5.820041831141163,
      0.061296903606415425,
      0.038125914277766536,
      9.001052501736014e-05,
      -6.048471019334063e-05,
      -1.1690661879776077e-07,
      3.477769440982139e-08,
      3.374094488710109e-11,
      -6.632668456146716e-12
    ],
    [
      656050.258944954,
      665326.7680390523
    ]
  ],
  [
    [
      -9.571128736063784,
      -2.218612701247425,
      -5.820041831141163,
      0.061222428829724264,
      0.038125914277766536,
      9.001052501736014e-05,
      -6.038817444652575e-05,
      -1.1690661879776077e-07,
      3.477769440982139e-08,
      3.374094488710109e-11,
      -6.632668456146716e-12
    ],
    [
      1198887.3945738524,
      809364.0249398027
    ]
  ],
  [
    [
      -9.571128736063784,
      -2.218612701247425,
      -5.81761611770465,
      0.061296903606415425,
      0.038125914277766536,
      9.001052501736014e-05,
      -6.046039358196436e-05,
      -1.1690661879776077e-07,
      3.477769440982139e-08,
      3.374094488710109e-11,
      -6.632668456146716e-12
    ],
    [
      747867.9021055397,
      639135.8140037148
    ]
  ],
  [
    [
      -9.593417953029384,
      -2.185909577077915,
      -5.817196073456355,
      0.061296903606415425,
      0.038125914277766536,
      9.001052501736014e-05,
      -6.048471019334063e-05,
      -1.1690661879776077e-07,
      3.477769440982139e-08,
      3.374094488710109e-11,
      -6.632668456146716e-12
    ],
    [
      657463.3710639365,
      664961.0971315668
    ]
  ],
  [
    [
      -9.571128736063784,
      -2.185909577077915,
      -5.820041831141163,
      0.061296903606415425,
      0.038125914277766536,
      9.001052501736014e-05,
      -6.048471019334063e-05,
      -1.1690661879776077e-07,
      3.4748207886934675e-08,
      3.3756897674085366e-11,
      -6.632668456146716e-12
    ],
    [
      549659.9141445113,
      946251.11708422
    ]
  ],
  [
    [
      -9.439247446234244,
      -2.185909577077915,
      -5.828636309074085,
      0.061296903606415425,
      0.03810624198552065,
      9.001052501736014e-05,
      -6.048471019334063e-05,
      -1.1671303535262785e-07,
      3.477769440982139e-08,
      3.374094488710109e-11,
      -6.632668456146716e-12
    ],
    [
      599716.0307148943,
      718262.0136062133
    ]
  ],
  [
    [
      -9.439247446234244,
      -2.185909577077915,
      -5.820041831141163,
      0.061296903606415425,
      0.038125914277766536,
      9.001052501736014e-05,
      -6.0529563981042236e-05,
      -1.1690661879776077e-07,
      3.477769440982139e-08,
      3.374094488710109e-11,
      -6.632668456146716e-12
    ],
    [
      572930.1908382844,
      827661.1606819124
    ]
  ],
  [
    [
      -9.439247446234244,
      -1.8896222233371103,
      -5.853292274526514,
      0.061296903606415425,
      0.038125914277766536,
      9.001052501736014e-05,
      -6.048471019334063e-05,
      -1.1682160769369244e-07,
      3.477769440982139e-08,
      3.374094488710109e-11,
      -6.632668456146716e-12
    ],
    [
      626551.4561946798,
      684270.2965350731
    ]
  ],
  [
    [
      -9.439247446234244,
      -2.185909577077915,
      -5.820041831141163,
      0.06135749753130069,
      0.038125914277766536,
      8.989930568964738e-05,
      -6.048471019334063e-05,
      -1.1690661879776077e-07,
      3.477769440982139e-08,
      3.374094488710109e-11,
      -6.632668456146716e-12
    ],
    [
      662179.1716829899,
      659717.1736470524
    ]
  ],
  [
    [
      -9.435828549806594,
      -2.185909577077915,
      -5.853292274526514,
      0.061296903606415425,
      0.038125914277766536,
      9.001052501736014e-05,
      -6.048471019334063e-05,
      -1.168187929680642e-07,
      3.477769440982139e-08,
      3.374094488710109e-11,
      -6.632668456146716e-12
    ],
    [
      627376.7598327666,
      684714.6757662416
    ]
  ],
  [
    [
      -9.439247446234244,
      -2.185909577077915,
      -5.833003462546808,
      0.061296903606415425,
      0.038125914277766536,
      9.001052501736014e-05,
      -6.048471019334063e-05,
      -1.1671303535262785e-07,
      3.477769440982139e-08,
      3.374094488710109e-11,
      -6.632668456146716e-12
    ],
    [
      620072.046110531,
      699662.7887102973
    ]
  ],
  [
    [
      -9.571128736063784,
      -2.185909577077915,
      -5.820041831141163,
      0.06131967373758986,
      0.038125914277766536,
      9.001052501736014e-05,
      -6.048471019334063e-05,
      -1.1690661879776077e-07,
      3.477769440982139e-08,
      3.374094488710109e-11,
      -6.632668456146716e-12
    ],
    [
      655518.8446114196,
      665739.0361298597
    ]
  ],
  [
    [
      -9.571128736063784,
      -2.185909577077915,
      -5.820041831141163,
      0.06093603026814524,
      0.038125914277766536,
      9.011058977646077e-05,
      -6.048471019334063e-05,
      -1.1690661879776077e-07,
      3.477769440982139e-08,
      3.374094488710109e-11,
      -6.632668456146716e-12
    ],
    [
      658105.217483314,
      663948.1341936925
    ]
  ],
  [
    [
      -9.547100481251407,
      -2.185909577077915,
      -5.827053435640586,
      0.061270198680598575,
      0.038125914277766536,
      9.001052501736014e-05,
      -6.048471019334063e-05,
      -1.1690661879776077e-07,
      3.477769440982139e-08,
      3.374094488710109e-11,
      -6.632668456146716e-12
    ],
    [
      653373.5181453174,
      665529.5927839286
    ]
  ],
  [
    [
      -9.439247446234244,
      -1.8896222233371103,
      -5.820041831141163,
      0.061296903606415425,
      0.038125914277766536,
      9.001052501736014e-05,
      -6.048471019334063e-05,
      -1.1690661879776077e-07,
      3.477769440982139e-08,
      3.374094488710109e-11,
      -6.632668456146716e-12
    ],
    [
      654461.1462029258,
      665303.3616466406
    ]
  ],
  [
    [
      -9.435828549806594,
      -2.185909577077915,
      -5.820041831141163,
      0.06116936897469278,
      0.038125914277766536,
      9.001052501736014e-05,
      -6.048471019334063e-05,
      -1.1690661879776077e-07,
      3.477769440982139e-08,
      3.374094488710109e-11,
      -6.632668456146716e-12
    ],
    [
      659192.9885030439,
      662666.2765145438
    ]
  ],
  [
    [
      -9.439247446234244,
      -2.215435396922405,
      -5.853292274526514,
      0.061296903606415425,
      0.038125914277766536,
      9.001052501736014e-05,
      -6.048471019334063e-05,
      -1.1690661879776077e-07,
      3.4814089667584466e-08,
      3.374094488710109e-11,
      -6.632668456146716e-12
    ],
    [
      1024631.6274413835,
      688534.25664254
    ]
  ],
  [
    [
      -9.571128736063784,
      -1.8896222233371103,
      -5.820041831141163,
      0.061296903606415425,
      0.038036634815624026,
      9.001052501736014e-05,
      -6.061468462724685e-05,
      -1.1690661879776077e-07,
      3.477769440982139e-08,
      3.374094488710109e-11,
      -6.632668456146716e-12
    ],
    [
      933794.9033630099,
      2070905.6405403106
    ]
  ],
  [
    [
      -9.439247446234244,
      -2.185909577077915,
      -5.854599959202198,
      0.061296903606415425,
      0.038125914277766536,
      9.001052501736014e-05,
      -6.038817444652575e-05,
      -1.1690661879776077e-07,
      0.16033219980035404,
      3.374094488710109e-11,
      -6.632668456146716e-12
    ],
    [
      3.119204584736504e+24,
      4.2817439860914126e+24
    ]
  ],
  [
    [
      -9.571128736063784,
      -2.218612701247425,
      -5.815028433832395,
      0.061296903606415425,
      0.038125914277766536,
      9.001052501736014e-05,
      -6.048471019334063e-05,
      -1.1690661879776077e-07,
      3.477769440982139e-08,
      3.374094488710109e-11,
      -6.632668456146716e-12
    ],
    [
      658735.426354674,
      664797.0939230432
    ]
  ],
  [
    [
      -9.439247446234244,
      -2.185909577077915,
      -5.832721704158122,
      0.061284703299270285,
      0.038125914277766536,
      8.989930568964738e-05,
      -6.048471019334063e-05,
      -1.1690661879776077e-07,
      3.477769440982139e-08,
      3.374094488710109e-11,
      -6.632668456146716e-12
    ],
    [
      658117.7519954994,
      660105.7413785812
    ]
  ],
  [
    [
      -9.571128736063784,
      -2.185909577077915,
      -5.81440616598693,
      0.06093603026814524,
      0.038125914277766536,
      9.001052501736014e-05,
      -6.048471019334063e-05,
      -1.1690661879776077e-07,
      3.477769440982139e-08,
      3.374094488710109e-11,
      -6.632668456146716e-12
    ],
    [
      667941.5382271656,
      657391.3426939391
    ]
  ],
  [
    [
      -9.435828549806594,
      -2.185909577077915,
      -5.853292274526514,
      0.061296903606415425,
      0.038125914277766536,
      8.993256094648697e-05,
      -6.044311965308861e-05,
      -1.1690661879776077e-07,
      3.477769440982139e-08,
      3.374094488710109e-11,
      -6.632668456146716e-12
    ],
    [
      802151.3018463096,
      622828.8253237441
    ]
  ],
  [
    [
      -9.435828549806594,
      -2.930060516318452,
      -5.853292274526514,
      0.061296903606415425,
      0.038125914277766536,
      9.001052501736014e-05,
      -6.048471019334063e-05,
      -1.1690661879776077e-07,
      3.477769440982139e-08,
      3.374094488710109e-11,
      -6.632668456146716e-12
    ],
    [
      646253.8744808454,
      672963.5405950455
    ]
  ],
  [
    [
      -9.439247446234244,
      -2.185909577077915,
      -5.820041831141163,
      0.061296903606415425,
      0.038125914277766536,
      9.01705581545696e-05,
      -6.0587403679606325e-05,
      -1.1690661879776077e-07,
      3.477769440982139e-08,
      3.380879224219376e-11,
      -6.632668456146716e-12
    ],
    [
      579281.7674184515,
      1280550.7835030076
    ]
  ],
  [
    [
      -9.571128736063784,
      -2.185909577077915,
      -5.820041831141163,
      0.06093603026814524,
      0.038125914277766536,
      9.001052501736014e-05,
      -6.048471019334063e-05,
      -1.1690661879776077e-07,
      3.477769440982139e-08,
      3.381049831053902e-11,
      -6.632668456146716e-12
    ],
    [
      638490.2018755435,
      683814.9492159331
    ]
  ],
  [
    [
      -9.439247446234244,
      -2.185909577077915,
      -5.818939030468922,
      0.061296903606415425,
      0.038125914277766536,
      9.011058977646077e-05,
      -6.048471019334063e-05,
      -1.1690661879776077e-07,
      3.477769440982139e-08,
      3.374094488710109e-11,
      -6.632668456146716e-12
    ],
    [
      650009.0454302684,
      671726.4539258336
    ]
  ],
  [
    [
      -9.571128736063784,
      -2.218612701247425,
      -5.820041831141163,
      0.061222428829724264,
      0.038125914277766536,
      9.001052501736014e-05,
      -6.038817444652575e-05,
      -1.1690661879776077e-07,
      3.481417060804577e-08,
      3.374094488710109e-11,
      -6.632668456146716e-12
    ],
    [
      2011305.8544200622,
      1414417.6877674712
    ]
  ],
  [
    [
      -9.439247446234244,
      -1.8896222233371103,
      -5.853292274526514,
      0.061296903606415425,
      0.038125914277766536,
      8.989930568964738e-05,
      -6.048471019334063e-05,
      -1.1690661879776077e-07,
      3.477769440982139e-08,
      3.374094488710109e-11,
      -6.632668456146716e-12
    ],
    [
      647529.9864895238,
      664024.2468472832
    ]
  ],
  [
    [
      -9.547100481251407,
      -1.8896222233371103,
      -5.820041831141163,
      0.061296903606415425,
      0.038125914277766536,
      9.015260975935228e-05,
      -6.048471019334063e-05,
      -1.1690661879776077e-07,
      3.477769440982139e-08,
      3.374094488710109e-11,
      -6.632668456146716e-12
    ],
    [
      645406.7958799384,
      674902.712087934
    ]
  ],
  [
    [
      -9.439247446234244,
      -2.182742519279157,
      -5.820041831141163,
      0.06130808149131978,
      0.038125914277766536,
      9.001052501736014e-05,
      -6.048471019334063e-05,
      -1.1671303535262785e-07,
      3.477769440982139e-08,
      3.374094488710109e-11,
      -6.632668456146716e-12
    ],
    [
      626057.5471833261,
      698880.351342682
    ]
  ],
  [
    [
      -9.571128736063784,
      -1.8896222233371103,
      -5.853292274526514,
      0.061296903606415425,
      0.038125914277766536,
      9.001052501736014e-05,
      -6.048471019334063e-05,
      -1.1671303535262785e-07,
      3.477769440982139e-08,
      3.374094488710109e-11,
      -6.632668456146716e-12
    ],
    [
      610532.896474617,
      703268.1217929635
    ]
  ],
  [
    [
      -9.439247446234244,
      -2.188322255598612,
      -5.828636309074085,
      0.061296903606415425,
      0.038125914277766536,
      8.989930568964738e-05,
      -6.048471019334063e-05,
      -1.1690661879776077e-07,
      3.477769440982139e-08,
      3.374094488710109e-11,
      -6.632668456146716e-12
    ],
    [
      659668.852667967,
      659678.6825426889
    ]
  ],
  [
    [
      -9.439247446234244,
      -2.185909577077915,
      -5.820041831141163,
      0.061296903606415425,
      0.038125914277766536,
      9.001052501736014e-05,
      -6.046039358196436e-05,
      -1.1690661879776077e-07,
      3.477769440982139e-08,
      3.374094488710109e-11,
      -6.632668456146716e-12
    ],
    [
      745811.8870142682,
      638590.9511169116
    ]
  ],
  [
    [
      -9.590655832672743,
      -2.218612701247425,
      -5.81761611770465,
      0.061296903606415425,
      0.038125914277766536,
      9.001052501736014e-05,
      -6.046039358196436e-05,
      -1.1690661879776077e-07,
      3.477769440982139e-08,
      3.374094488710109e-11,
      -6.632668456146716e-12
    ],
    [
      747863.9654385515,
      639120.1786969176
    ]
  ],
  [
    [
      -9.439247446234244,
      -2.185909577077915,
      -5.8118262994394785,
      0.061296903606415425,
      0.038036634815624026,
      9.001052501736014e-05,
      -6.048471019334063e-05,
      -1.1690661879776077e-07,
      3.477769440982139e-08,
      3.374094488710109e-11,
      -6.632668456146716e-12
    ],
    [
      590302.2115002044,
      796902.9359494153
    ]
  ],
  [
    [
      -9.571128736063784,
      -2.218612701247425,
      -5.832721704158122,
      0.061220845083223625,
      0.038125914277766536,
      8.989930568964738e-05,
      -6.048471019334063e-05,
      -1.1690661879776077e-07,
      3.477769440982139e-08,
      3.374094488710109e-11,
      -6.632668456146716e-12
    ],
    [
      659972.217549489,
      658937.6980830242
    ]
  ],
  [
    [
      -9.571128736063784,
      -2.218612701247425,
      -5.820041831141163,
      0.061222428829724264,
      0.038125914277766536,
      -0.8312986690082544,
      -6.038817444652575e-05,
      -1.1690661879776077e-07,
      3.477769440982139e-08,
      3.374094488710109e-11,
      -6.632668456146716e-12
    ],
    [
      8711948150652523.0,
      1.1940470595298028e+16
    ]
  ],
  [
    [
      -9.571128736063784,
      -2.218612701247425,
      -5.81761611770465,
      0.061296903606415425,
      0.038125914277766536,
      9.001052501736014e-05,
      -6.046039358196436e-05,
      -1.1690661879776077e-07,
      3.477769440982139e-08,
      3.374094488710109e-11,
      -6.632668456146716e-12
    ],
    [
      747867.9021055397,
      639135.8140037148
    ]
  ],
  [
    [
      -9.439247446234244,
      -2.185909577077915,
      -5.820041831141163,
      0.061270198680598575,
      0.038125914277766536,
      8.989529724641478e-05,
      -6.048471019334063e-05,
      -1.1690661879776077e-07,
      3.477769440982139e-08,
      3.3691308150095794e-11,
      -6.632668456146716e-12
    ],
    [
      685012.0731799449,
      641186.3998629765
    ]
  ],
  [
    [
      -9.439247446234244,
      -2.185909577077915,
      -5.820041831141163,
      0.061296903606415425,
      0.038125914277766536,
      9.000216473685223e-05,
      -6.048471019334063e-05,
      -1.1690661879776077e-07,
      3.477769440982139e-08,
      3.374094488710109e-11,
      -6.632668456146716e-12
    ],
    [
      656635.5553697872,
      664801.5809721953
    ]
  ],
  [
    [
      -9.435828549806594,
      -2.185909577077915,
      -5.853292274526514,
      0.061296903606415425,
      0.038125914277766536,
      9.001052501736014e-05,
      -6.048471019334063e-05,
      -1.1690661879776077e-07,
      3.473408055143932e-08,
      3.374094488710109e-11,
      -6.632668456146716e-12
    ],
    [
      606128.3938179172,
      1231021.917956391
    ]
  ],
  [
    [
      -9.439247446234244,
      -2.215435396922405,
      -5.820041831141163,
      0.061296903606415425,
      0.038125914277766536,
      9.001052501736014e-05,
      -6.048471019334063e-05,
      -1.1714481027889816e-07,
      3.477769440982139e-08,
      3.374094488710109e-11,
      -6.632668456146716e-12
    ],
    [
      698798.3629946175,
      632551.3980461194
    ]
  ]
]