[
  [
    [
      -9.571128736063784,
      -2.2260835745644565,
      -5.820041831141163,
      0.06093603026814524,
      0.038125914277766536,
      9.011058977646077e-05,
      -6.048471019334063e-05,
      -1.1690661879776077e-07,
      3.477769440982139e-08,
      3.374094488710109e-11,
      -6.632668456146716e-12
    ],
    [
      658357.0961871841,
      663995.313111364
    ]
  ],
  [
    [
      -9.732823653917643,
      -1.768443135862682,
      -5.853292274526514,
      0.061296903606415425,
      0.038125914277766536,
      9.001052501736014e-05,
      -6.048471019334063e-05,
      -1.1690661879776077e-07,
      3.477769440982139e-08,
      3.374094488710109e-11,
      -6.632668456146716e-12
    ],
    [
      639430.6462156895,
      670357.6850798082
    ]
  ],
  [
    [
      -9.766421601005883,
      -2.185909577077915,
      -5.820041831141163,
      0.061296903606415425,
      0.038125914277766536,
      9.001052501736014e-05,
      -6.048471019334063e-05,
      -1.1690661879776077e-07,
      3.477769440982139e-08,
      3.374094488710109e-11,
      -6.632668456146716e-12
    ],
    [
      656055.8301280409,
      665132.8646966412
    ]
  ],
  [
    [
      -9.766421601005883,
      -2.185909577077915,
      -5.820041831141163,
      0.061296903606415425,
      0.038125914277766536,
      9.001052501736014e-05,
      -6.048471019334063e-05,
      -1.1690661879776077e-07,
      3.477769440982139e-08,
      3.374094488710109e-11,
      -6.632668456146716e-12
    ],
    [
      656055.8301280409,
      665132.8646966412
    ]
  ],
  [
    [
      -9.571128736063784,
      -1.8896222233371103,
      -5.853292274526514,
      0.061296903606415425,
      0.038125914277766536,
      9.001052501736014e-05,
      -6.048471019334063e-05,
      -1.1690661879776077e-07,
      3.477769440982139e-08,
      3.374094488710109e-11,
      -6.632668456146716e-12
    ],
    [
      640026.712555442,
      670546.3834663101
    ]
  ],
  [
    [
      -9.571128736063784,
      -2.1683566431817005,
      -5.820041831141163,
      0.061296903606415425,
      0.038125914277766536,
      9.001052501736014e-05,
      -6.048471019334063e-05,
      -1.1690661879776077e-07,
      3.477769440982139e-08,
      3.374094488710109e-11,
      -6.632668456146716e-12
    ],
    [
      655965.7735135328,
      665242.1867963414
    ]
  ],
  [
    [
      -9.571128736063784,
      -2.1683566431817005,
      -5.820041831141163,
      0.061296903606415425,
      0.038125914277766536,
      9.001052501736014e-05,
      -6.048471019334063e-05,
      -1.1690661879776077e-07,
      3.477769440982139e-08,
      3.374094488710109e-11,
      -6.632668456146716e-12
    ],
    [
      655965.7735135328,
      665242.1867963414
    ]
  ],
  [
    [
      -9.547100481251407,
      -1.8896222233371103,
      -5.853292274526514,
      0.061296903606415425,
      0.038125914277766536,
      9.001052501736014e-05,
      -6.048471019334063e-05,
      -1.1690661879776077e-07,
      3.477769440982139e-08,
      3.374094488710109e-11,
      -6.632668456146716e-12
    ],
    [
      640026.455288336,
      670558.9170564337
    ]
  ],
  [
    [
      -9.571128736063784,
      -2.185909577077915,
      -5.820041831141163,
      0.061296903606415425,
      0.038125914277766536,
      9.001052501736014e-05,
      -6.048471019334063e-05,
      -1.1690661879776077e-07,
      3.477769440982139e-08,
      3.374094488710109e-11,
      -6.632668456146716e-12
    ],
    [
      656065.6481247575,
      665249.5894972158
    ]
  ],
  [
    [
      -9.571128736063784,
      -2.185909577077915,
      -5.820041831141163,
      0.061296903606415425,
      0.038125914277766536,
      9.001052501736014e-05,
      -6.048471019334063e-05,
      -1.1690661879776077e-07,
      3.477769440982139e-08,
      3.374094488710109e-11,
      -6.632668456146716e-12
    ],
    [
      656065.6481247575,
      665249.5894972158
    ]
  ],
  [
    [
      -9.571128736063784,
      -2.185909577077915,
      -5.820041831141163,
      0.061296903606415425,
      0.038125914277766536,
      9.001052501736014e-05,
      -6.048471019334063e-05,
      -1.1690661879776077e-07,
      3.477769440982139e-08,
      3.374094488710109e-11,
      -6.632668456146716e-12
    ],
    [
      656065.6481247575,
      665249.5894972158
    ]
  ],
  [
    [
      -9.571128736063784,
      -2.185909577077915,
      -5.820041831141163,
      0.061296903606415425,
      0.038125914277766536,
      9.001052501736014e-05,
      -6.048471019334063e-05,
      -1.1690661879776077e-07,
      3.477769440982139e-08,
      3.374094488710109e-11,
      -6.632668456146716e-12
    ],
    [
      656065.6481247575,
      665249.5894972158
    ]
  ],
  [
    [
      -9.571128736063784,
      -2.185909577077915,
      -5.820041831141163,
      0.061296903606415425,
      0.038125914277766536,
      9.001052501736014e-05,
      -6.048471019334063e-05,
      -1.1690661879776077e-07,
      3.477769440982139e-08,
      3.374094488710109e-11,
      -6.632668456146716e-12
    ],
    [
      656065.6481247575,
      665249.5894972158
    ]
  ],
  [
    [
      -9.571128736063784,
      -2.185909577077915,
      -5.820041831141163,
      0.061296903606415425,
      0.038125914277766536,
      9.001052501736014e-05,
      -6.048471019334063e-05,
      -1.1690661879776077e-07,
      3.477769440982139e-08,
      3.374094488710109e-11,
      -6.632668456146716e-12
    ],
    [
      656065.6481247575,
      665249.5894972158
    ]
  ],
  [
    [
      -9.571128736063784,
      -2.185909577077915,
      -5.820041831141163,
      0.061296903606415425,
      0.038125914277766536,
      9.001052501736014e-05,
      -6.048471019334063e-05,
      -1.1690661879776077e-07,
      3.477769440982139e-08,
      3.374094488710109e-11,
      -6.632668456146716e-12
    ],
    [
      656065.6481247575,
      665249.5894972158
    ]
  ],
  [
    [
      -9.571128736063784,
      -2.185909577077915,
      -5.820041831141163,
      0.061296903606415425,
      0.038125914277766536,
      9.001052501736014e-05,
      -6.048471019334063e-05,
      -1.1690661879776077e-07,
      3.477769440982139e-08,
      3.374094488710109e-11,
      -6.632668456146716e-12
    ],
    [
      656065.6481247575,
      665249.5894972158
    ]
  ],
  [
    [
      -9.571128736063784,
      -2.185909577077915,
      -5.820041831141163,
      0.061296903606415425,
      0.038125914277766536,
      9.001052501736014e-05,
      -6.048471019334063e-05,
      -1.1690661879776077e-07,
      3.477769440982139e-08,
      3.374094488710109e-11,
      -6.632668456146716e-12
    ],
    [
      656065.6481247575,
      665249.5894972158
    ]
  ],
  [
    [
      -9.571128736063784,
      -2.185909577077915,
      -5.820041831141163,
      0.061296903606415425,
      0.038125914277766536,
      9.001052501736014e-05,
      -6.048471019334063e-05,
      -1.1690661879776077e-07,
      3.477769440982139e-08,
      3.374094488710109e-11,
      -6.632668456146716e-12
    ],
    [
      656065.6481247575,
      665249.5894972158
    ]
  ],
  [
    [
      -9.571128736063784,
      -2.185909577077915,
      -5.820041831141163,
      0.061296903606415425,
      0.038125914277766536,
      9.001052501736014e-05,
      -6.048471019334063e-05,
      -1.1690661879776077e-07,
      3.477769440982139e-08,
      3.374094488710109e-11,
      -6.632668456146716e-12
    ],
    [
      656065.6481247575,
      665249.5894972158
    ]
  ],
  [
    [
      -9.571128736063784,
      -2.185909577077915,
      -5.820041831141163,
      0.061296903606415425,
      0.038125914277766536,
      9.001052501736014e-05,
      -6.048471019334063e-05,
      -1.1690661879776077e-07,
      3.477769440982139e-08,
      3.374094488710109e-11,
      -6.632668456146716e-12
    ],
    [
      656065.6481247575,
      665249.5894972158
    ]
  ],
  [
    [
      -9.524348174082633,
      -2.185909577077915,
      -5.820041831141163,
      0.061296903606415425,
      0.038125914277766536,
      9.001052501736014e-05,
      -6.048471019334063e-05,
      -1.1690661879776077e-07,
      3.477769440982139e-08,
      3.374094488710109e-11,
      -6.632668456146716e-12
    ],
    [
      656068.0112575094,
      665277.5611454847
    ]
  ],
  [
    [
      -9.524348174082633,
      -2.185909577077915,
      -5.820041831141163,
      0.061296903606415425,
      0.038125914277766536,
      9.001052501736014e-05,
      -6.048471019334063e-05,
      -1.1690661879776077e-07,
      3.477769440982139e-08,
      3.374094488710109e-11,
      -6.632668456146716e-12
    ],
    [
      656068.0112575094,
      665277.5611454847
    ]
  ],
  [
    [
      -9.498960693851451,
      -2.185909577077915,
      -5.820041831141163,
      0.061296903606415425,
      0.038125914277766536,
      9.001052501736014e-05,
      -6.048471019334063e-05,
      -1.1690661879776077e-07,
      3.477769440982139e-08,
      3.374094488710109e-11,
      -6.632668456146716e-12
    ],
    [
      656069.2955450959,
      665292.7429934032
    ]
  ],
  [
    [
      -9.476045195274038,
      -2.185909577077915,
      -5.820041831141163,
      0.061296903606415425,
      0.038125914277766536,
      9.001052501736014e-05,
      -6.048471019334063e-05,
      -1.1690661879776077e-07,
      3.477769440982139e-08,
      3.374094488710109e-11,
      -6.632668456146716e-12
    ],
    [
      656070.4558883663,
      665306.4476900536
    ]
  ],
  [
    [
      -9.464043895960431,
      -2.185909577077915,
      -5.820041831141163,
      0.061296903606415425,
      0.038125914277766536,
      9.001052501736014e-05,
      -6.048471019334063e-05,
      -1.1690661879776077e-07,
      3.477769440982139e-08,
      3.374094488710109e-11,
      -6.632668456146716e-12
    ],
    [
      656071.0640020987,
      665313.625529485
    ]
  ],
  [
    [
      -9.571128736063784,
      -2.218612701247425,
      -5.820041831141163,
      0.061296903606415425,
      0.038125914277766536,
      9.001052501736014e-05,
      -6.048471019334063e-05,
      -1.1690661879776077e-07,
      3.477769440982139e-08,
      3.374094488710109e-11,
      -6.632668456146716e-12
    ],
    [
      656253.2145581865,
      665265.3591066827
    ]
  ],
  [
    [
      -9.439247446234244,
      -2.185909577077915,
      -5.820041831141163,
      0.061296903606415425,
      0.038125914277766536,
      9.001052501736014e-05,
      -6.048471019334063e-05,
      -1.1690661879776077e-07,
      3.477769440982139e-08,
      3.374094488710109e-11,
      -6.632668456146716e-12
    ],
    [
      656072.3213669858,
      665328.4569140165
    ]
  ],
  [
    [
      -9.439247446234244,
      -2.185909577077915,
      -5.820041831141163,
      0.061296903606415425,
      0.038125914277766536,
      9.001052501736014e-05,
      -6.048471019334063e-05,
      -1.1690661879776077e-07,
      3.477769440982139e-08,
      3.374094488710109e-11,
      -6.632668456146716e-12
    ],
    [
      656072.3213669858,
      665328.4569140165
    ]
  ],
  [
    [
      -9.439247446234244,
      -2.185909577077915,
      -5.820041831141163,
      0.061296903606415425,
      0.038125914277766536,
      9.001052501736014e-05,
      -6.048471019334063e-05,
      -1.1690661879776077e-07,
      3.477769440982139e-08,
      3.374094488710109e-11,
      -6.632668456146716e-12
    ],
    [
      656072.3213669858,
      665328.4569140165
    ]
  ],
  [
    [
      -9.439247446234244,
      -2.185909577077915,
      -5.820041831141163,
      0.061296903606415425,
      0.038125914277766536,
      9.001052501736014e-05,
      -6.048471019334063e-05,
      -1.1690661879776077e-07,
      3.477769440982139e-08,
      3.374094488710109e-11,
      -6.632668456146716e-12
    ],
    [
      656072.3213669858,
      665328.4569140165
    ]
  ],
  [
    [
      -9.439247446234244,
      -2.185909577077915,
      -5.820041831141163,
      0.061296903606415425,
      0.038125914277766536,
      9.001052501736014e-05,
      -6.048471019334063e-05,
      -1.1690661879776077e-07,
      3.477769440982139e-08,
      3.374094488710109e-11,
      -6.632668456146716e-12
    ],
    [
      656072.3213669858,
      665328.4569140165
    ]
  ],
  [
    [
      -9.439247446234244,
      -2.185909577077915,
      -5.820041831141163,
      0.061296903606415425,
      0.038125914277766536,
      9.001052501736014e-05,
      -6.048471019334063e-05,
      -1.1690661879776077e-07,
      3.477769440982139e-08,
      3.374094488710109e-11,
      -6.632668456146716e-12
    ],
    [
      656072.3213669858,
      665328.4569140165
    ]
  ],
  [
    [
      -9.439247446234244,
      -2.185909577077915,
      -5.820041831141163,
      0.061296903606415425,
      0.038125914277766536,
      9.001052501736014e-05,
      -6.048471019334063e-05,
      -1.1690661879776077e-07,
      3.477769440982139e-08,
      3.374094488710109e-11,
      -6.632668456146716e-12
    ],
    [
      656072.3213669858,
      665328.4569140165
    ]
  ],
  [
    [
      -9.439247446234244,
      -2.185909577077915,
      -5.820041831141163,
      0.061296903606415425,
      0.038125914277766536,
      9.001052501736014e-05,
      -6.048471019334063e-05,
      -1.1690661879776077e-07,
      3.477769440982139e-08,
      3.374094488710109e-11,
      -6.632668456146716e-12
    ],
    [
      656072.3213669858,
      665328.4569140165
    ]
  ],
  [
    [
      -9.439247446234244,
      -2.185909577077915,
      -5.820041831141163,
      0.061296903606415425,
      0.038125914277766536,
      9.001052501736014e-05,
      -6.048471019334063e-05,
      -1.1690661879776077e-07,
      3.477769440982139e-08,
      3.374094488710109e-11,
      -6.632668456146716e-12
    ],
    [
      656072.3213669858,
      665328.4569140165
    ]
  ],
  [
    [
      -9.439247446234244,
      -2.185909577077915,
      -5.820041831141163,
      0.061296903606415425,
      0.038125914277766536,
      9.001052501736014e-05,
      -6.048471019334063e-05,
      -1.1690661879776077e-07,
      3.477769440982139e-08,
      3.374094488710109e-11,
      -6.632668456146716e-12
    ],
    [
      656072.3213669858,
      665328.4569140165
    ]
  ],
  [
    [
      -9.435828549806594,
      -2.185909577077915,
      -5.820041831141163,
      0.061296903606415425,
      0.038125914277766536,
      9.001052501736014e-05,
      -6.048471019334063e-05,
      -1.1690661879776077e-07,
      3.477769440982139e-08,
      3.374094488710109e-11,
      -6.632668456146716e-12
    ],
    [
      656072.4948269981,
      665330.5019390286
    ]
  ],
  [
    [
      -9.439247446234244,
      -2.217307847302295,
      -5.820041831141163,
      0.061296903606415425,
      0.038125914277766536,
      9.001052501736014e-05,
      -6.048471019334063e-05,
      -1.1690661879776077e-07,
      3.477769440982139e-08,
      3.374094488710109e-11,
      -6.632668456146716e-12
    ],
    [
      656252.3803113301,
      665343.4959781029
    ]
  ],
  [
    [
      -9.571128736063784,
      6.680650173449878,
      -4.955862930544399,
      0.05928163553794297,
      0.030374250874256527,
      5.593125966272605e-05,
      -4.800625649211208e-05,
      -9.940176332511661e-08,
      2.781288862880898e-08,
      3.310817547859367e-11,
      -5.349865408359655e-12
    ],
    [
      486180.0690601527,
      690642.3983102596
    ]
  ],
  [
    [
      -9.571128736063784,
      6.680650173449878,
      -4.955862930544399,
      0.05928163553794297,
      0.030341782413210793,
      5.593125966272605e-05,
      -4.800625649211208e-05,
      -9.940176332511661e-08,
      2.781288862880898e-08,
      3.310817547859367e-11,
      -5.349865408359655e-12
    ],
    [
      410190.5964542782,
      725045.641797605
    ]
  ],
  [
    [
      -9.766421601005883,
      -2.185909577077915,
      -5.820041831141163,
      0.061296903606415425,
      0.038125914277766536,
      9.001052501736014e-05,
      -6.062283546776815e-05,
      -1.1690661879776077e-07,
      3.477769440982139e-08,
      3.374094488710109e-11,
      -6.632668456146716e-12
    ],
    [
      742411.1924213372,
      1634676.7570919353
    ]
  ],
  [
    [
      -9.571128736063784,
      -2.185909577077915,
      -5.820041831141163,
      0.061296903606415425,
      0.038125914277766536,
      9.001052501736014e-05,
      -6.048471019334063e-05,
      -1.1690661879776077e-07,
      3.477769440982139e-08,
      3.374064380218183e-11,
      -6.632668456146716e-12
    ],
    [
      656180.7832616878,
      665137.7379973058
    ]
  ],
  [
    [
      -9.439247446234244,
      -2.185909577077915,
      -5.819051995656327,
      0.061296903606415425,
      0.038125914277766536,
      9.001052501736014e-05,
      -6.048471019334063e-05,
      -1.1690661879776077e-07,
      3.477769440982139e-08,
      3.374094488710109e-11,
      -6.632668456146716e-12
    ],
    [
      656556.2780377713,
      665229.306923261
    ]
  ],
  [
    [
      -9.571128736063784,
      -2.185909577077915,
      -5.820041831141163,
      0.061296903606415425,
      0.038125914277766536,
      9.001052501736014e-05,
      -6.048471019334063e-05,
      -1.1690661879776077e-07,
      3.477769440982139e-08,
      3.374094488710109e-11,
      -6.644040052086798e-12
    ],
    [
      553934.832437048,
      878590.6854858275
    ]
  ],
  [
    [
      -9.571128736063784,
      -1.8896222233371103,
      -5.853292274526514,
      0.061296903606415425,
      0.038125914277766536,
      9.001052501736014e-05,
      -6.048471019334063e-05,
      -1.1690661879776077e-07,
      3.477769440982139e-08,
      3.3805089844278384e-11,
      -6.632668456146716e-12
    ],
    [
      616690.339930056,
      695724.9262499422
    ]
  ],
  [
    [
      -9.571128736063784,
      -2.1683566431817005,
      -5.820041831141163,
      0.06117412882831421,
      0.038125914277766536,
      9.001052501736014e-05,
      -6.048471019334063e-05,
      -1.1690661879776077e-07,
      3.477769440982139e-08,
      3.374094488710109e-11,
      -6.632668456146716e-12
    ],
    [
      658961.2251910733,
      662666.7299443885
    ]
  ],
  [
    [
      -9.59470570527961,
      -2.185909577077915,
      -5.820041831141163,
      0.061296903606415425,
      0.038125914277766536,
      9.001052501736014e-05,
      -6.048471019334063e-05,
      -1.1690661879776077e-07,
      3.477769440982139e-08,
      3.374094488710109e-11,
      -6.632668456146716e-12
    ],
    [
      656064.4587865735,
      665235.493704832
    ]
  ],
  [
    [
      -9.439247446234244,
      -2.185909577077915,
      -5.81660222365968,
      0.061296903606415425,
      0.038125914277766536,
      9.001052501736014e-05,
      -6.048471019334063e-05,
      -1.1690661879776077e-07,
      3.477769440982139e-08,
      3.374094488710109e-11,
      -6.632668456146716e-12
    ],
    [
      657767.2401131073,
      665001.3775450636
    ]
  ],
  [
    [
      -9.571128736063784,
      -2.2161594055362364,
      -5.820041831141163,
      0.061296903606415425,
      0.038125914277766536,
      9.001052501736014e-05,
      -6.048471019334063e-05,
      -1.1690661879776077e-07,
      3.477769440982139e-08,
      3.374094488710109e-11,
      -6.632668456146716e-12
    ],
    [
      656239.0766394908,
      665264.086822062
    ]
  ],
  [
    [
      -9.571128736063784,
      -2.185909577077915,
      -5.820041831141163,
      0.061296903606415425,
      0.038125914277766536,
      9.001052501736014e-05,
      -6.048471019334063e-05,
      -1.1690661879776077e-07,
      3.477769440982139e-08,
      3.372109873252692e-11,
      -6.632668456146716e-12
    ],
    [
      663756.339097375,
      658016.5788036836
    ]
  ],
  [
    [
      -9.439247446234244,
      -2.185909577077915,
      -5.820041831141163,
      0.061441971795766666,
      0.038125914277766536,
      9.001052501736014e-05,
      -6.048471019334063e-05,
      -1.1690661879776077e-07,
      3.477769440982139e-08,
      3.374094488710109e-11,
      -6.632668456146716e-12
    ],
    [
      652642.0701787269,
      668519.462335315
    ]
  ],
  [
    [
      -9.571128736063784,
      -2.185909577077915,
      -5.820041831141163,
      0.061353543615465224,
      0.038125914277766536,
      9.001052501736014e-05,
      -6.048471019334063e-05,
      -1.1690661879776077e-07,
      3.477769440982139e-08,
      3.374094488710109e-11,
      -6.632668456146716e-12
    ],
    [
      654711.2757929534,
      666474.859963115
    ]
  ],
  [
    [
      -9.571128736063784,
      -2.185909577077915,
      -5.820041831141163,
      0.061296903606415425,
      0.038125914277766536,
      9.001052501736014e-05,
      -6.048471019334063e-05,
      -1.1690661879776077e-07,
      3.477769440982139e-08,
      3.374094488710109e-11,
      -6.632668456146716e-12
    ],
    [
      656065.6481247575,
      665249.5894972158
    ]
  ],
  [
    [
      -9.45538688587052,
      -2.185909577077915,
      -5.820041831141163,
      0.061296903606415425,
      0.038125914277766536,
      9.001052501736014e-05,
      -6.048471019334063e-05,
      -1.1690661879776077e-07,
      3.477769440982139e-08,
      3.374094488710109e-11,
      -6.632668456146716e-12
    ],
    [
      656071.5028373527,
      665318.8033667528
    ]
  ],
  [
    [
      -9.547843810689182,
      -2.185909577077915,
      -5.820041831141163,
      0.061296903606415425,
      0.038125914277766536,
      9.001052501736014e-05,
      -6.048471019334063e-05,
      -1.1690661879776077e-07,
      3.477769440982139e-08,
      3.374094488710109e-11,
      -6.632668456146716e-12
    ],
    [
      656066.8238219727,
      665263.5117786438
    ]
  ],
  [
    [
      -9.766421601005883,
      -2.185909577077915,
      -5.820041831141163,
      0.06144157232549492,
      0.038125914277766536,
      9.001052501736014e-05,
      -6.048471019334063e-05,
      -1.1690661879776077e-07,
      3.477769440982139e-08,
      3.374094488710109e-11,
      -6.632668456146716e-12
    ],
    [
      652635.0289483287,
      668313.0331322395
    ]
  ],
  [
    [
      -9.571128736063784,
      -2.185909577077915,
      -5.820041831141163,
      0.061296903606415425,
      0.038125914277766536,
      8.98846971481232e-05,
      -6.048471019334063e-05,
      -1.1690661879776077e-07,
      3.477769440982139e-08,
      3.374094488710109e-11,
      -6.632668456146716e-12
    ],
    [
      664729.0170414981,
      657576.3193293744
    ]
  ],
  [
    [
      -9.439247446234244,
      -2.185909577077915,
      -5.820041831141163,
      0.061296903606415425,
      0.038125914277766536,
      9.001052501736014e-05,
      -6.048471019334063e-05,
      -1.1690661879776077e-07,
      3.477769440982139e-08,
      3.374094488710109e-11,
      -6.618487339913097e-12
    ],
    [
      988763.2753240915,
      683414.7427265996
    ]
  ],
  [
    [
      -9.766421601005883,
      -2.182411272597068,
      -5.820041831141163,
      0.061296903606415425,
      0.038125914277766536,
      9.001052501736014e-05,
      -6.048471019334063e-05,
      -1.1690661879776077e-07,
      3.477769440982139e-08,
      3.374094488710109e-11,
      -6.632668456146716e-12
    ],
    [
      656035.8827882163,
      665131.3215907293
    ]
  ],
  [
    [
      -9.476045195274038,
      -2.185909577077915,
      -5.820041831141163,
      0.061296903606415425,
      0.038125914277766536,
      8.98083887359344e-05,
      -6.048471019334063e-05,
      -1.1690661879776077e-07,
      3.477769440982139e-08,
      3.374094488710109e-11,
      -6.632668456146716e-12
    ],
    [
      670182.1173687709,
      653244.7488336429
    ]
  ],
  [
    [
      -9.571128736063784,
      -2.185909577077915,
      -5.820041831141163,
      0.061296903606415425,
      0.038125914277766536,
      9.001052501736014e-05,
      -6.048471019334063e-05,
      -1.1690661879776077e-07,
      2.781288862880898e-08,
      3.310817547859367e-11,
      -5.349865408359655e-12
    ],
    [
      2121024195.1879,
      2955391336.3304534
    ]
  ],
  [
    [
      -9.571128736063784,
      6.680650173449878,
      -4.955862930544399,
      0.05928163553794297,
      0.030374250874256527,
      5.593125966272605e-05,
      -4.800625649211208e-05,
      -9.940176332511661e-08,
      3.471787469908268e-08,
      3.374094488710109e-11,
      -6.632668456146716e-12
    ],
    [
      2137785179.2477634,
      2838322971.2206564
    ]
  ],
  [
    [
      -9.571128736063784,
      -1.8896222233371103,
      -5.853292274526514,
      0.061296903606415425,
      0.038125914277766536,
      9.001052501736014e-05,
      -6.048471019334063e-05,
      -1.1690661879776077e-07,
      3.477769440982139e-08,
      3.374094488710109e-11,
      -6.632668456146716e-12
    ],
    [
      640026.712555442,
      670546.3834663101
    ]
  ],
  [
    [
      -9.476045195274038,
      -2.185909577077915,
      -5.820041831141163,
      0.061296903606415425,
      0.038125914277766536,
      9.001052501736014e-05,
      -6.048471019334063e-05,
      -1.1705720599660928e-07,
      3.477769440982139e-08,
      3.374094488710109e-11,
      -6.632668456146716e-12
    ],
    [
      682175.2075014549,
      643479.2255709299
    ]
  ],
  [
    [
      -9.524348174082633,
      -2.185909577077915,
      -5.820041831141163,
      0.061296903606415425,
      0.038125914277766536,
      9.001052501736014e-05,
      -6.048471019334063e-05,
      -1.1690661879776077e-07,
      3.479722763692686e-08,
      3.374094488710109e-11,
      -6.632668456146716e-12
    ],
    [
      837973.7291742798,
      642332.2037367163
    ]
  ],
  [
    [
      -9.476045195274038,
      -2.185909577077915,
      -5.817658214345543,
      0.061296903606415425,
      0.038125914277766536,
      9.001052501736014e-05,
      -6.048471019334063e-05,
      -1.1690661879776077e-07,
      3.477769440982139e-08,
      3.374094488710109e-11,
      -6.632668456146716e-12
    ],
    [
      657240.9160617797,
      665074.3580300822
    ]
  ],
  [
    [
      -9.439247446234244,
      -2.185909577077915,
      -5.820041831141163,
      0.061296903606415425,
      0.038125914277766536,
      9.001052501736014e-05,
      -6.048471019334063e-05,
      -1.1690661879776077e-07,
      3.47233748781528e-08,
      3.374094488710109e-11,
      -6.632668456146716e-12
    ],
    [
      636930.0438961601,
      1397253.3294487284
    ]
  ],
  [
    [
      -9.571128736063784,
      -2.185909577077915,
      -5.820041831141163,
      0.06123719013209776,
      0.038125914277766536,
      9.001052501736014e-05,
      -6.048471019334063e-05,
      -1.1690661879776077e-07,
      3.477769440982139e-08,
      3.374094488710109e-11,
      -6.632668456146716e-12
    ],
    [
      657514.4638282566,
      663986.0337714453
    ]
  ],
  [
    [
      -9.476045195274038,
      -2.185909577077915,
      -5.820041831141163,
      0.061296903606415425,
      0.038125914277766536,
      9.001052501736014e-05,
      -6.048471019334063e-05,
      -1.1679927026473696e-07,
      3.477769440982139e-08,
      3.374094488710109e-11,
      -6.632668456146716e-12
    ],
    [
      639027.2669202315,
      683014.1278998046
    ]
  ],
  [
    [
      -9.439247446234244,
      -2.185909577077915,
      -5.820041831141163,
      0.061296903606415425,
      0.038125914277766536,
      9.001052501736014e-05,
      -6.048471019334063e-05,
      -1.1690661879776077e-07,
      3.477769440982139e-08,
      3.3758767942633985e-11,
      -6.632668456146716e-12
    ],
    [
      649341.4455112827,
      672066.5279865181
    ]
  ],
  [
    [
      -9.439247446234244,
      -2.185909577077915,
      -5.820041831141163,
      0.061296903606415425,
      0.038125914277766536,
      9.001052501736014e-05,
      -6.048471019334063e-05,
      -1.1690661879776077e-07,
      3.477769440982139e-08,
      3.374094488710109e-11,
      -6.632668456146716e-12
    ],
    [
      656072.3213669858,
      665328.4569140165
    ]
  ],
  [
    [
      -9.571128736063784,
      -2.218612701247425,
      -5.820041831141163,
      0.06125101235030036,
      0.038125914277766536,
      9.001052501736014e-05,
      -6.048471019334063e-05,
      -1.1690661879776077e-07,
      3.477769440982139e-08,
      3.374094488710109e-11,
      -6.632668456146716e-12
    ],
    [
      657369.455355093,
      664297.9305526621
    ]
  ],
  [
    [
      -9.571128736063784,
      -2.1683566431817005,
      -5.820041831141163,
      0.061296903606415425,
      0.038125914277766536,
      9.001008171804403e-05,
      -6.048471019334063e-05,
      -1.1690661879776077e-07,
      3.477769440982139e-08,
      3.374094488710109e-11,
      -6.632668456146716e-12
    ],
    [
      655995.547605983,
      665214.1300349856
    ]
  ],
  [
    [
      -9.547100481251407,
      -1.8896222233371103,
      -5.853292274526514,
      0.061296903606415425,
      0.038125914277766536,
      9.001052501736014e-05,
      -6.051124932017541e-05,
      -1.1690661879776077e-07,
      3.477769440982139e-08,
      3.374094488710109e-11,
      -6.632668456146716e-12
    ],
    [
      588536.6132231996,
      762527.6327968886
    ]
  ],
  [
    [
      -9.439247446234244,
      -2.1683566431817005,
      -5.820041831141163,
      0.061296903606415425,
      0.038125914277766536,
      9.001052501736014e-05,
      -6.048471019334063e-05,
      -1.1690661879776077e-07,
      3.477769440982139e-08,
      3.374094488710109e-11,
      -6.632668456146716e-12
    ],
    [
      655972.4391999159,
      665321.0833068499
    ]
  ],
  [
    [
      -9.571128736063784,
      -2.185909577077915,
      -5.820041831141163,
      0.06116976416421035,
      0.038125914277766536,
      9.001052501736014e-05,
      -6.048471019334063e-05,
      -1.1690661879776077e-07,
      3.477769440982139e-08,
      3.374094488710109e-11,
      -6.632668456146716e-12
    ],
    [
      659176.2560014932,
      662594.0755083433
    ]
  ],
  [
    [
      -9.524348174082633,
      -2.185909577077915,
      -5.820041831141163,
      0.061296903606415425,
      0.038125914277766536,
      9.001052501736014e-05,
      -6.048471019334063e-05,
      -1.1690661879776077e-07,
      3.477769440982139e-08,
      3.374094488710109e-11,
      -6.632668456146716e-12
    ],
    [
      656068.0112575094,
      665277.5611454847
    ]
  ],
  [
    [
      -9.439247446234244,
      -2.185909577077915,
      -5.820041831141163,
      0.061296903606415425,
      0.038125914277766536,
      9.001052501736014e-05,
      -6.048471019334063e-05,
      -1.1682351136252309e-07,
      3.477769440982139e-08,
      3.374094488710109e-11,
      -6.632668456146716e-12
    ],
    [
      642763.8843793805,
      678881.5795720897
    ]
  ],
  [
    [
      -9.583132502329576,
      -1.8896222233371103,
      -5.853292274526514,
      0.061296903606415425,
      0.038125914277766536,
      9.001052501736014e-05,
      -6.048471019334063e-05,
      -1.1690661879776077e-07,
      3.477769440982139e-08,
      3.374094488710109e-11,
      -6.632668456146716e-12
    ],
    [
      640026.8415105854,
      670540.1225082895
    ]
  ],
  [
    [
      -9.439247446234244,
      -2.185909577077915,
      -5.820041831141163,
      0.061296903606415425,
      0.038125914277766536,
      9.001052501736014e-05,
      -6.048471019334063e-05,
      -1.1690661879776077e-07,
      3.477769440982139e-08,
      3.374094488710109e-11,
      -6.622838084345029e-12
    ],
    [
      862465.3526273951,
      644337.3878116031
    ]
  ],
  [
    [
      -9.524348174082633,
      -2.185909577077915,
      -5.820041831141163,
      0.061296903606415425,
      0.038125914277766536,
      8.982176578412407e-05,
      -6.048471019334063e-05,
      -1.1690661879776077e-07,
      3.479722763692686e-08,
      3.374094488710109e-11,
      -6.632668456146716e-12
    ],
    [
      849507.9531607581,
      628868.7346401763
    ]
  ],
  [
    [
      -9.45538688587052,
      -2.185909577077915,
      -5.820041831141163,
      0.061296903606415425,
      0.038125914277766536,
      8.979227599772211e-05,
      -6.048471019334063e-05,
      -1.1690661879776077e-07,
      3.477769440982139e-08,
      3.374094488710109e-11,
      -6.632668456146716e-12
    ],
    [
      671352.3533172178,
      652356.0530790293
    ]
  ],
  [
    [
      -9.439247446234244,
      -2.185909577077915,
      -5.81660222365968,
      0.061296903606415425,
      0.038125914277766536,
      9.001052501736014e-05,
      -6.048471019334063e-05,
      -1.1690661879776077e-07,
      3.477769440982139e-08,
      3.374996255409125e-11,
      -6.632668456146716e-12
    ],
    [
      654346.293752959,
      668393.5225636603
    ]
  ],
  [
    [
      -9.571128736063784,
      -2.218612701247425,
      -5.820041831141163,
      0.06127128872315169,
      0.038125914277766536,
      9.001052501736014e-05,
      -6.048471019334063e-05,
      -1.1690661879776077e-07,
      3.477769440982139e-08,
      3.374094488710109e-11,
      -6.632668456146716e-12
    ],
    [
      656874.6947183358,
      664723.2663740646
    ]
  ],
  [
    [
      -9.78515052833697,
      -2.185909577077915,
      -5.820041831141163,
      0.06144157232549492,
      0.038125914277766536,
      9.001052501736014e-05,
      -6.048471019334063e-05,
      -1.1690661879776077e-07,
      3.477769440982139e-08,
      3.374094488710109e-11,
      -6.632668456146716e-12
    ],
    [
      652634.10161095,
      668301.7391049203
    ]
  ],
  [
    [
      -9.571128736063784,
      -2.185909577077915,
      -5.820041831141163,
      0.061308136944283775,
      0.038125914277766536,
      8.98846971481232e-05,
      -6.048471019334063e-05,
      -1.1690661879776077e-07,
      3.477769440982139e-08,
      3.374094488710109e-11,
      -6.632668456146716e-12
    ],
    [
      664441.6732060725,
      657793.8064046964
    ]
  ],
  [
    [
      -9.571128736063784,
      -2.1683566431817005,
      -5.821633979639574,
      0.061296903606415425,
      0.038125914277766536,
      9.001008171804403e-05,
      -6.048471019334063e-05,
      -1.1690661879776077e-07,
      3.477769440982139e-08,
      3.374094488710109e-11,
      -6.632668456146716e-12
    ],
    [
      655224.0444171525,
      665381.657212444
    ]
  ],
  [
    [
      -9.476045195274038,
      -2.185909577077915,
      -5.820041831141163,
      0.061296903606415425,
      0.038125914277766536,
      8.98083887359344e-05,
      -6.048471019334063e-05,
      -1.1690661879776077e-07,
      3.477769440982139e-08,
      3.374094488710109e-11,
      -6.632668456146716e-12
    ],
    [
      670182.1173687709,
      653244.7488336429
    ]
  ],
  [
    [
      -9.59470570527961,
      -2.185909577077915,
      -5.820041831141163,
      0.061296903606415425,
      0.038125914277766536,
      9.001052501736014e-05,
      -6.048471019334063e-05,
      -1.1690661879776077e-07,
      3.47233748781528e-08,
      0.7767782203621455,
      -6.632668456146716e-12
    ],
    [
      1.5789339539134142e+29,
      2.1736104329237035e+29
    ]
  ],
  [
    [
      -9.439247446234244,
      -2.185909577077915,
      -5.820041831141163,
      0.061296903606415425,
      0.038125914277766536,
      9.001052501736014e-05,
      -6.048471019334063e-05,
      -1.1690661879776077e-07,
      3.4815923599802464e-08,
      3.374094488710109e-11,
      -6.632668456146716e-12
    ],
    [
      1098851.4358561735,
      739523.291823601
    ]
  ],
  [
    [
      -9.571128736063784,
      -2.185909577077915,
      -5.820041831141163,
      0.061296903606415425,
      0.038125914277766536,
      9.001052501736014e-05,
      -6.048471019334063e-05,
      -1.1690661879776077e-07,
      3.477769440982139e-08,
      3.374064380218183e-11,
      -6.632668456146716e-12
    ],
    [
      656180.7832616878,
      665137.7379973058
    ]
  ],
  [
    [
      -9.476045195274038,
      -2.185909577077915,
      -5.828889909140567,
      0.061296903606415425,
      0.038125914277766536,
      8.98083887359344e-05,
      -6.048471019334063e-05,
      -1.1690661879776077e-07,
      3.477769440982139e-08,
      3.374094488710109e-11,
      -6.632668456146716e-12
    ],
    [
      666025.1383833525,
      654548.2736899974
    ]
  ],
  [
    [
      -9.766421601005883,
      -2.185909577077915,
      -5.820041831141163,
      0.061296903606415425,
      0.038125914277766536,
      9.001052501736014e-05,
      -6.060208391515813e-05,
      -1.1690661879776077e-07,
      3.477769440982139e-08,
      3.374094488710109e-11,
      -6.632668456146716e-12
    ],
    [
      664757.1089389322,
      1400293.0727801116
    ]
  ],
  [
    [
      -9.439247446234244,
      -2.1683566431817005,
      -5.820041831141163,
      0.061296903606415425,
      0.038125914277766536,
      9.001052501736014e-05,
      -6.062283546776815e-05,
      -1.1690661879776077e-07,
      3.477769440982139e-08,
      3.374094488710109e-11,
      -6.632668456146716e-12
    ],
    [
      742011.7621983157,
      1634178.0824271599
    ]
  ],
  [
    [
      -9.571128736063784,
      -2.218612701247425,
      -5.820041831141163,
      0.06125101235030036,
      0.038125914277766536,
      9.001052501736014e-05,
      -6.048471019334063e-05,
      -1.1690661879776077e-07,
      3.474377338374162e-08,
      3.374094488710109e-11,
      -6.632668456146716e-12
    ],
    [
      561848.3564936516,
      1007019.4613535868
    ]
  ],
  [
    [
      -9.571128736063784,
      -2.185909577077915,
      -5.820041831141163,
      0.061353543615465224,
      0.038125914277766536,
      9.001052501736014e-05,
      -6.048471019334063e-05,
      -1.169963733313143e-07,
      3.477769440982139e-08,
      3.374094488710109e-11,
      -6.632668456146716e-12
    ],
    [
      669833.7014918715,
      652867.1362426385
    ]
  ],
  [
    [
      -9.571128736063784,
      -2.2161594055362364,
      -5.820041831141163,
      0.061296903606415425,
      0.03820541474555415,
      9.001052501736014e-05,
      -6.048471019334063e-05,
      -1.1690661879776077e-07,
      3.477769440982139e-08,
      3.374094488710109e-11,
      -6.622838084345029e-12
    ],
    [
      1090815.3481060318,
      753348.8980612452
    ]
  ],
  [
    [
      -9.439247446234244,
      -2.185909577077915,
      -5.820041831141163,
      0.061296903606415425,
      0.038125914277766536,
      9.001052501736014e-05,
      -6.048471019334063e-05,
      -1.1690661879776077e-07,
      3.477769440982139e-08,
      3.374094488710109e-11,
      -6.632668456146716e-12
    ],
    [
      656072.3213669858,
      665328.4569140165
    ]
  ],
  [
    [
      -9.439247446234244,
      -2.185909577077915,
      -5.820041831141163,
      0.061296903606415425,
      0.038125914277766536,
      8.982959509548958e-05,
      -6.048471019334063e-05,
      -1.1690661879776077e-07,
      3.477769440982139e-08,
      3.374094488710109e-11,
      -6.632668456146716e-12
    ],
    [
      668655.143126805,
      654465.3889941176
    ]
  ],
  [
    [
      -9.439247446234244,
      -2.185909577077915,
      -5.820041831141163,
      0.061441971795766666,
      0.038125914277766536,
      9.001052501736014e-05,
      -6.048471019334063e-05,
      -1.1690661879776077e-07,
      3.47771707550234e-08,
      3.374094488710109e-11,
      -6.632668456146716e-12
    ],
    [
      649026.228768166,
      670854.8674657557
    ]
  ],
  [
    [
      -9.527545610570645,
      -2.185909577077915,
      -5.820041831141163,
      0.061296903606415425,
      0.038125914277766536,
      9.001052501736014e-05,
      -6.048471019334063e-05,
      -1.1690661879776077e-07,
      3.477769440982139e-08,
      3.374094488710109e-11,
      -6.632668456146716e-12
    ],
    [
      656067.8495987777,
      665275.6491528951
    ]
  ],
  [
    [
      -9.59470570527961,
      -2.185909577077915,
      -5.820041831141163,
      0.061296903606415425,
      0.038125914277766536,
      9.001052501736014e-05,
      -6.048471019334063e-05,
      -1.1690661879776077e-07,
      3.477769440982139e-08,
      3.374094488710109e-11,
      -6.632668456146716e-12
    ],
    [
      656064.4587865735,
      665235.493704832
    ]
  ],
  [
    [
      -9.571128736063784,
      -2.1683566431817005,
      -5.820041831141163,
      0.061296903606415425,
      0.038125914277766536,
      9.001052501736014e-05,
      -6.048471019334063e-05,
      -1.1690661879776077e-07,
      3.477769440982139e-08,
      -0.6043400250264553,
      -6.632668456146716e-12
    ],
    [
      9.557242381794695e+28,
      1.3156802220510213e+29
    ]
  ],
  [
    [
      -9.571128736063784,
      -2.185909577077915,
      -5.820041831141163,
      0.06117412882831421,
      0.038125914277766536,
      9.001052501736014e-05,
      -6.048471019334063e-05,
      -1.1690661879776077e-07,
      3.477769440982139e-08,
      3.375055442405369e-11,
      -6.632668456146716e-12
    ],
    [
      655355.4195980859,
      666201.3134855859
    ]
  ],
  [
    [
      -9.571128736063784,
      -2.185909577077915,
      -5.814169496632243,
      0.061296903606415425,
      0.038125914277766536,
      9.001052501736014e-05,
      -6.048471019334063e-05,
      -1.1679927026473696e-07,
      3.477769440982139e-08,
      3.374094488710109e-11,
      -6.632668456146716e-12
    ],
    [
      641976.2225468808,
      682567.725206708
    ]
  ],
  [
    [
      -9.476045195274038,
      -2.185909577077915,
      -5.820041831141163,
      0.061353543615465224,
      0.038125914277766536,
      9.001052501736014e-05,
      -6.0610208922124003e-05,
      -1.1690661879776077e-07,
      3.477769440982139e-08,
      3.374094488710109e-11,
      -6.632668456146716e-12
    ],
    [
      690434.7707194488,
      1487822.7045582363
    ]
  ],
  [
    [
      -9.476045195274038,
      -2.1824158469939814,
      -5.820041831141163,
      0.061296903606415425,
      0.038125914277766536,
      8.98083887359344e-05,
      -6.048471019334063e-05,
      -1.1690661879776077e-07,
      3.477769440982139e-08,
      3.374094488710109e-11,
      -6.632668456146716e-12
    ],
    [
      670157.9337257982,
      653237.4873922641
    ]
  ],
  [
    [
      -9.571128736063784,
      -2.185909577077915,
      -5.820041831141163,
      0.061296903606415425,
      0.038125914277766536,
      8.98846971481232e-05,
      -6.048471019334063e-05,
      -1.1690661879776077e-07,
      3.477769440982139e-08,
      3.374094488710109e-11,
      -6.632668456146716e-12
    ],
    [
      664729.0170414981,
      657576.3193293744
    ]
  ],
  [
    [
      -9.571128736063784,
      -2.185909577077915,
      -5.820041831141163,
      0.061296903606415425,
      0.038074749260416846,
      9.001052501736014e-05,
      -6.048471019334063e-05,
      -1.1690661879776077e-07,
      3.477769440982139e-08,
      3.374094488710109e-11,
      -6.632668456146716e-12
    ],
    [
      606712.8067464835,
      728319.031997229
    ]
  ],
  [
    [
      -9.766421601005883,
      -2.182411272597068,
      -5.820041831141163,
      0.061296903606415425,
      0.038125914277766536,
      9.001052501736014e-05,
      -6.048471019334063e-05,
      -1.1690661879776077e-07,
      3.477769440982139e-08,
      3.374094488710109e-11,
      -6.632668456146716e-12
    ],
    [
      656035.8827882163,
      665131.3215907293
    ]
  ],
  [
    [
      -9.476045195274038,
      -2.185909577077915,
      -5.820041831141163,
      0.061296903606415425,
      0.038125914277766536,
      9.001052501736014e-05,
      -6.048471019334063e-05,
      -1.1690661879776077e-07,
      3.477769440982139e-08,
      3.374064380218183e-11,
      -6.632668456146716e-12
    ],
    [
      656185.5892413672,
      665194.589719692
    ]
  ],
  [
    [
      -9.571128736063784,
      -2.188470092675932,
      -5.820041831141163,
      0.061296903606415425,
      0.038125914277766536,
      8.98083887359344e-05,
      -6.048471019334063e-05,
      -1.1690661879776077e-07,
      3.477769440982139e-08,
      3.374094488710109e-11,
      -6.632668456146716e-12
    ],
    [
      670195.0725835301,
      653194.6625463858
    ]
  ],
  [
    [
      -9.476045195274038,
      -2.185909577077915,
      -5.820041831141163,
      0.061296903606415425,
      0.038125914277766536,
      9.001052501736014e-05,
      -6.048471019334063e-05,
      -1.1690661879776077e-07,
      3.477769440982139e-08,
      3.374094488710109e-11,
      -6.632668456146716e-12
    ],
    [
      656070.4558883663,
      665306.4476900536
    ]
  ],
  [
    [
      -9.45538688587052,
      -2.185909577077915,
      -5.820041831141163,
      0.061296903606415425,
      0.038125914277766536,
      9.013613094957472e-05,
      -6.048471019334063e-05,
      -1.1679927026473696e-07,
      3.477769440982139e-08,
      3.374094488710109e-11,
      -6.632668456146716e-12
    ],
    [
      631494.4574890252,
      692215.4680243765
    ]
  ],
  [
    [
      -9.571128736063784,
      -2.185909577077915,
      -5.820041831141163,
      0.061296903606415425,
      0.038125914277766536,
      9.001052501736014e-05,
      -6.0335763628349726e-05,
      -1.1690661879776077e-07,
      3.477769440982139e-08,
      3.374094488710109e-11,
      -6.632668456146716e-12
    ],
    [
      1698579.7032464105,
      1177496.611000004
    ]
  ],
  [
    [
      -9.547843810689182,
      -2.4165295600230374,
      -5.820041831141163,
      0.061296903606415425,
      0.038125914277766536,
      9.001052501736014e-05,
      -6.048471019334063e-05,
      -1.1690661879776077e-07,
      3.477769440982139e-08,
      3.372109873252692e-11,
      -6.632668456146716e-12
    ],
    [
      665236.9231120577,
      658354.5864933373
    ]
  ],
  [
    [
      -9.476045195274038,
      -2.185909577077915,
      -5.816854367360105,
      0.061296903606415425,
      0.038125914277766536,
      9.001052501736014e-05,
      -6.048471019334063e-05,
      -1.1690661879776077e-07,
      3.477769440982139e-08,
      3.374094488710109e-11,
      -6.632668456146716e-12
    ],
    [
      657639.6551354106,
      665001.3976131221
    ]
  ],
  [
    [
      -9.439247446234244,
      -2.185909577077915,
      -5.81660222365968,
      0.061296903606415425,
      0.038125914277766536,
      9.001052501736014e-05,
      -6.048471019334063e-05,
      -1.1690661879776077e-07,
      3.47060894659934e-08,
      3.374094488710109e-11,
      -6.632668456146716e-12
    ],
    [
      776509.6203990293,
      1827486.9092871689
    ]
  ],
  [
    [
      -9.571128736063784,
      -2.3231912878228576,
      -5.820041831141163,
      0.06125101235030036,
      0.038125914277766536,
      9.001052501736014e-05,
      -6.048471019334063e-05,
      -1.1690661879776077e-07,
      3.477769440982139e-08,
      3.372109873252692e-11,
      -6.632668456146716e-12
    ],
    [
      665805.0437899102,
      657312.9936502632
    ]
  ],
  [
    [
      -9.571128736063784,
      -2.185909577077915,
      -5.820041831141163,
      0.061296903606415425,
      0.038125914277766536,
      9.001052501736014e-05,
      -6.057811528536168e-05,
      -1.1690661879776077e-07,
      3.477769440982139e-08,
      3.374094488710109e-11,
      -6.632668456146716e-12
    ],
    [
      603428.344573052,
      1168586.2016065896
    ]
  ],
  [
    [
      -9.571128736063784,
      -2.185909577077915,
      -5.820041831141163,
      -0.24550191395155635,
      0.038125914277766536,
      9.001052501736014e-05,
      -6.048471019334063e-05,
      -1.169963733313143e-07,
      3.477769440982139e-08,
      3.374094488710109e-11,
      -6.632668456146716e-12
    ],
    [
      292583526.51234126,
      377097317.3190252
    ]
  ],
  [
    [
      -9.547843810689182,
      -2.4165295600230374,
      -5.820041831141163,
      0.061296903606415425,
      0.038125914277766536,
      9.001052501736014e-05,
      -6.048471019334063e-05,
      -1.1699284245287563e-07,
      3.477769440982139e-08,
      3.372109873252692e-11,
      -6.632668456146716e-12
    ],
    [
      680527.471772555,
      646326.9625850355
    ]
  ],
  [
    [
      -9.59470570527961,
      -2.185909577077915,
      -5.820041831141163,
      0.061296903606415425,
      0.038125914277766536,
      9.001052501736014e-05,
      -6.048471019334063e-05,
      -1.1690661879776077e-07,
      3.477769440982139e-08,
      3.374094488710109e-11,
      -6.632668456146716e-12
    ],
    [
      656064.4587865735,
      665235.493704832
    ]
  ],
  [
    [
      -9.571128736063784,
      -2.185909577077915,
      -5.820041831141163,
      0.061296903606415425,
      0.038074749260416846,
      9.001052501736014e-05,
      -6.048471019334063e-05,
      -1.1690661879776077e-07,
      3.470124574542015e-08,
      3.374094488710109e-11,
      -6.632668456146716e-12
    ],
    [
      992911.8519876696,
      2325330.7207017587
    ]
  ],
  [
    [
      -9.45538688587052,
      -2.185909577077915,
      -5.820041831141163,
      0.061296903606415425,
      0.038125914277766536,
      8.98846971481232e-05,
      -6.048471019334063e-05,
      -1.1690661879776077e-07,
      3.477769440982139e-08,
      3.374094488710109e-11,
      -6.632668456146716e-12
    ],
    [
      664734.852195741,
      657644.4508764292
    ]
  ],
  [
    [
      -9.571128736063784,
      -2.185909577077915,
      -5.820041831141163,
      0.061308136944283775,
      0.038125914277766536,
      8.979227599772211e-05,
      -6.048471019334063e-05,
      -1.1690661879776077e-07,
      3.477769440982139e-08,
      3.374094488710109e-11,
      -6.632668456146716e-12
    ],
    [
      671046.5589685993,
      652488.9803292509
    ]
  ],
  [
    [
      -9.476045195274038,
      -2.185909577077915,
      -5.820041831141163,
      0.061296903606415425,
      0.038125914277766536,
      9.001052501736014e-05,
      -6.048471019334063e-05,
      -1.1717797898054505e-07,
      3.474377338374162e-08,
      3.374094488710109e-11,
      -6.632668456146716e-12
    ],
    [
      618820.1945977125,
      977975.3103094433
    ]
  ],
  [
    [
      -9.571128736063784,
      -2.218612701247425,
      -5.820041831141163,
      0.06114668473324532,
      0.038125914277766536,
      9.001052501736014e-05,
      -6.048471019334063e-05,
      -1.1690661879776077e-07,
      3.477769440982139e-08,
      3.374094488710109e-11,
      -6.632668456146716e-12
    ],
    [
      659954.3369792072,
      662162.2248438777
    ]
  ],
  [
    [
      -9.476045195274038,
      -2.185909577077915,
      -5.816854367360105,
      0.061296903606415425,
      0.038125914277766536,
      9.001052501736014e-05,
      -6.048471019334063e-05,
      -1.1690661879776077e-07,
      3.47771707550234e-08,
      3.379003772763111e-11,
      -6.632668456146716e-12
    ],
    [
      635819.3014453833,
      686454.9665571081
    ]
  ],
  [
    [
      -9.441900123179932,
      -2.185909577077915,
      -5.820041831141163,
      0.061441971795766666,
      0.038125914277766536,
      9.001052501736014e-05,
      -6.048471019334063e-05,
      -1.1690661879776077e-07,
      3.477769440982139e-08,
      3.374094488710109e-11,
      -6.632668456146716e-12
    ],
    [
      652641.9370606244,
      668517.8608834955
    ]
  ],
  [
    [
      -9.571128736063784,
      -2.185909577077915,
      -5.820041831141163,
      0.061315724977766016,
      0.038125914277766536,
      8.979227599772211e-05,
      -6.048471019334063e-05,
      -1.1690661879776077e-07,
      3.477769440982139e-08,
      3.374094488710109e-11,
      -6.632668456146716e-12
    ],
    [
      670844.3597881176,
      652624.836708947
    ]
  ],
  [
    [
      -9.44638781506322,
      -2.185909577077915,
      -5.820041831141163,
      0.061296903606415425,
      0.038125914277766536,
      9.001052501736014e-05,
      -6.048471019334063e-05,
      -1.1690661879776077e-07,
      3.477769440982139e-08,
      3.375055442405369e-11,
      -6.632668456146716e-12
    ],
    [
      652422.2599629281,
      668928.6581154835
    ]
  ],
  [
    [
      -9.571128736063784,
      -2.185909577077915,
      -5.814169496632243,
      0.061296903606415425,
      0.038125914277766536,
      9.001052501736014e-05,
      -6.048471019334063e-05,
      -1.1679927026473696e-07,
      3.477769440982139e-08,
      3.374094488710109e-11,
      -6.632668456146716e-12
    ],
    [
      641976.2225468808,
      682567.725206708
    ]
  ],
  [
    [
      -9.571128736063784,
      -2.185909577077915,
      -5.814169496632243,
      0.061296903606415425,
      0.038125914277766536,
      9.001052501736014e-05,
      -6.048471019334063e-05,
      -0.5141665453341595,
      3.477769440982139e-08,
      3.374094488710109e-11,
      -6.632668456146716e-12
    ],
    [
      1.4951807272977946e+22,
      2.0506504305001223e+22
    ]
  ],
  [
    [
      -9.476045195274038,
      -2.1824158469939814,
      -5.811653532939452,
      0.061296903606415425,
      0.038125914277766536,
      8.98083887359344e-05,
      -6.048471019334063e-05,
      -1.1690661879776077e-07,
      3.477769440982139e-08,
      3.374094488710109e-11,
      -6.632668456146716e-12
    ],
    [
      674325.3527506274,
      652302.4100047385
    ]
  ],
  [
    [
      -9.79600060220151,
      -2.185909577077915,
      -5.820041831141163,
      0.06144157232549492,
      0.038125914277766536,
      9.001052501736014e-05,
      -6.048471019334063e-05,
      -1.1690661879776077e-07,
      3.477769440982139e-08,
      3.374094488710109e-11,
      -6.632668456146716e-12
    ],
    [
      652633.5647052255,
      668295.1965508376
    ]
  ],
  [
    [
      -9.527545610570645,
      -2.185909577077915,
      -5.820041831141163,
      0.061296903606415425,
      0.038125914277766536,
      8.987806700873483e-05,
      -6.048471019334063e-05,
      -1.1690661879776077e-07,
      3.477769440982139e-08,
      3.375055442405369e-11,
      -6.632668456146716e-12
    ],
    [
      661405.0450533262,
      660619.6287848123
    ]
  ],
  [
    [
      -9.571128736063784,
      -2.185909577077915,
      -5.820041831141163,
      0.06117412882831421,
      0.038125914277766536,
      8.983574815167615e-05,
      -6.048471019334063e-05,
      -1.1690661879776077e-07,
      3.477769440982139e-08,
      3.374094488710109e-11,
      -6.632668456146716e-12
    ],
    [
      671470.275922966,
      652528.5435634544
    ]
  ],
  [
    [
      -9.78515052833697,
      -2.185909577077915,
      -5.820041831141163,
      0.06144157232549492,
      0.038218910214013725,
      9.001052501736014e-05,
      -6.048471019334063e-05,
      -1.1690661879776077e-07,
      3.477769440982139e-08,
      3.374094488710109e-11,
      -6.632668456146716e-12
    ],
    [
      824059.8976937566,
      666565.0500568871
    ]
  ],
  [
    [
      -9.571128736063784,
      -2.185909577077915,
      -5.820041831141163,
      0.061296903606415425,
      0.038074749260416846,
      9.00859340305579e-05,
      -6.048471019334063e-05,
      -1.1690661879776077e-07,
      3.477769440982139e-08,
      3.374094488710109e-11,
      -6.632668456146716e-12
    ],
    [
      601471.6642592335,
      732307.7532672223
    ]
  ],
  [
    [
      -9.547843810689182,
      -2.4165295600230374,
      -5.820041831141163,
      0.061296903606415425,
      0.038125914277766536,
      9.001052501736014e-05,
      -6.048471019334063e-05,
      -1.1695503470938551e-07,
      3.477769440982139e-08,
      3.374094488710109e-11,
      -6.632668456146716e-12
    ],
    [
      665680.0552319335,
      658213.793722999
    ]
  ],
  [
    [
      -9.439247446234244,
      -2.185909577077915,
      -5.820041831141163,
      0.061296903606415425,
      0.038125914277766536,
      9.001052501736014e-05,
      -6.048471019334063e-05,
      -0.5563022362951628,
      3.477769440982139e-08,
      3.372109873252692e-11,
      -6.632668456146716e-12
    ],
    [
      1.7502806269052733e+22,
      2.4005216615038655e+22
    ]
  ],
  [
    [
      -9.571128736063784,
      -2.185909577077915,
      -5.820041831141163,
      0.061296903606415425,
      0.038125914277766536,
      8.98846971481232e-05,
      -6.048471019334063e-05,
      -1.1690661879776077e-07,
      0.5802061271509489,
      3.374094488710109e-11,
      -6.632668456146716e-12
    ],
    [
      4.084765369866598e+25,
      5.607172946984268e+25
    ]
  ],
  [
    [
      -9.571128736063784,
      -2.185909577077915,
      -5.820041831141163,
      0.061296903606415425,
      0.038125914277766536,
      8.98846971481232e-05,
      -6.048471019334063e-05,
      -1.1718700335524416e-07,
      3.477769440982139e-08,
      3.374094488710109e-11,
      -6.632668456146716e-12
    ],
    [
      717267.053646988,
      622332.0103911192
    ]
  ],
  [
    [
      -9.439247446234244,
      -2.185909577077915,
      -5.820041831141163,
      0.061296903606415425,
      0.03805665214608637,
      8.982959509548958e-05,
      -6.048471019334063e-05,
      -1.1690661879776077e-07,
      3.477769440982139e-08,
      3.374094488710109e-11,
      -6.632668456146716e-12
    ],
    [
      610222.5232801702,
      753034.0939178177
    ]
  ],
  [
    [
      -9.439247446234244,
      -2.185909577077915,
      -5.820041831141163,
      0.061441971795766666,
      0.038125914277766536,
      9.001052501736014e-05,
      -6.048471019334063e-05,
      -1.1690661879776077e-07,
      3.483198792305591e-08,
      3.374094488710109e-11,
      -6.632668456146716e-12
    ],
    [
      1388672.2262864911,
      922108.8105153274
    ]
  ],
  [
    [
      -9.45538688587052,
      -2.185909577077915,
      -5.820041831141163,
      0.061296903606415425,
      0.038125914277766536,
      9.013613094957472e-05,
      -6.048471019334063e-05,
      -1.1679927026473696e-07,
      3.477769440982139e-08,
      3.374094488710109e-11,
      -6.632668456146716e-12
    ],
    [
      631494.4574890252,
      692215.4680243765
    ]
  ],
  [
    [
      -9.571128736063784,
      -2.1683566431817005,
      -5.821633979639574,
      0.061296903606415425,
      0.038125914277766536,
      9.001008171804403e-05,
      -6.048471019334063e-05,
      -1.1690661879776077e-07,
      3.478491653524627e-08,
      3.374094488710109e-11,
      -6.632668456146716e-12
    ],
    [
      711404.9747975543,
      641712.3105879824
    ]
  ],
  [
    [
      -9.571128736063784,
      -2.185909577077915,
      -5.820041831141163,
      0.061296903606415425,
      0.038125914277766536,
      9.001052501736014e-05,
      -6.048471019334063e-05,
      -1.1690661879776077e-07,
      3.477769440982139e-08,
      3.374064380218183e-11,
      -6.632668456146716e-12
    ],
    [
      656180.7832616878,
      665137.7379973058
    ]
  ],
  [
    [
      -9.476045195274038,
      -2.3231912878228576,
      -5.820041831141163,
      0.06125101235030036,
      0.038125914277766536,
      9.001052501736014e-05,
      -6.048471019334063e-05,
      -1.1690661879776077e-07,
      3.477769440982139e-08,
      3.372109873252692e-11,
      -6.632668456146716e-12
    ],
    [
      665809.7930251709,
      657369.0939239203
    ]
  ],
  [
    [
      -9.569557184727339,
      -2.218612701247425,
      -5.820041831141163,
      0.06127128872315169,
      0.038125914277766536,
      9.001052501736014e-05,
      -6.048471019334063e-05,
      -1.1690661879776077e-07,
      3.477769440982139e-08,
      3.374094488710109e-11,
      -6.632668456146716e-12
    ],
    [
      656874.7743541697,
      664724.2037957141
    ]
  ],
  [
    [
      -9.476045195274038,
      -2.185909577077915,
      -5.820041831141163,
      0.061353543615465224,
      0.038125914277766536,
      8.983324138846466e-05,
      -6.0610208922124003e-05,
      -1.1690661879776077e-07,
      3.477769440982139e-08,
      3.374094488710109e-11,
      -6.632668456146716e-12
    ],
    [
      706473.7927102603,
      1485313.0150553263
    ]
  ],
  [
    [
      -9.45538688587052,
      -2.185909577077915,
      -5.820041831141163,
      0.061296903606415425,
      0.038125914277766536,
      9.001052501736014e-05,
      -6.048471019334063e-05,
      -1.1690661879776077e-07,
      3.477769440982139e-08,
      3.374064380218183e-11,
      -6.632668456146716e-12
    ],
    [
      656186.6358027684,
      665206.9439905896
    ]
  ],
  [
    [
      -9.476045195274038,
      -2.185909577077915,
      -5.820041831141163,
      0.061296903606415425,
      0.038125914277766536,
      9.013613094957472e-05,
      -6.048471019334063e-05,
      -1.1679927026473696e-07,
      3.477769440982139e-08,
      3.374094488710109e-11,
      -6.632668456146716e-12
    ],
    [
      631493.3672686727,
      692202.6267866634
    ]
  ],
  [
    [
      -9.527545610570645,
      -2.185909577077915,
      -5.820041831141163,
      0.061296903606415425,
      0.038125914277766536,
      9.001052501736014e-05,
      -6.0456548594446426e-05,
      -1.1690661879776077e-07,
      3.477769440982139e-08,
      3.374094488710109e-11,
      -6.632668456146716e-12
    ],
    [
      762857.6345336096,
      638234.4077905301
    ]
  ],
  [
    [
      -9.547843810689182,
      -2.4165295600230374,
      -5.820041831141163,
      0.061296903606415425,
      0.03814471666268803,
      9.001052501736014e-05,
      -6.048471019334063e-05,
      -1.1690661879776077e-07,
      3.477769440982139e-08,
      3.372109873252692e-11,
      -6.632668456146716e-12
    ],
    [
      691207.6775761175,
      645550.9862957882
    ]
  ],
  [
    [
      -9.571128736063784,
      -2.3175179871846283,
      -5.820041831141163,
      0.061353543615465224,
      0.038125914277766536,
      9.001052501736014e-05,
      -6.048471019334063e-05,
      -1.169963733313143e-07,
      3.477769440982139e-08,
      3.374094488710109e-11,
      -6.632668456146716e-12
    ],
    [
      670720.6590987907,
      653111.3323002433
    ]
  ],
  [
    [
      -9.571128736063784,
      -2.185909577077915,
      -5.820041831141163,
      0.06125101235030036,
      0.038125914277766536,
      9.001052501736014e-05,
      -6.048471019334063e-05,
      -1.1690661879776077e-07,
      3.477769440982139e-08,
      3.372109873252692e-11,
      -6.647867889564286e-12
    ],
    [
      563438.3136397146,
      988349.3157019889
    ]
  ],
  [
    [
      -9.571128736063784,
      -2.185909577077915,
      -5.814169496632243,
      0.061296903606415425,
      0.038125914277766536,
      9.001052501736014e-05,
      -6.048471019334063e-05,
      -1.170207818147065e-07,
      3.477769440982139e-08,
      3.374094488710109e-11,
      -6.632668456146716e-12
    ],
    [
      678494.060039663,
      647698.6414415973
    ]
  ],
  [
    [
      -9.571128736063784,
      -2.2237818339020676,
      -5.820041831141163,
      0.06127128872315169,
      0.038125914277766536,
      9.001052501736014e-05,
      -6.048471019334063e-05,
      -1.1679927026473696e-07,
      3.477769440982139e-08,
      3.374094488710109e-11,
      -6.632668456146716e-12
    ],
    [
      639742.7903338091,
      682270.4283223714
    ]
  ]
]