[
  [
    [
      -9.571128736063784,
      6.680650173449878,
      -4.955862930544399,
      0.05928163553794297,
      0.030374250874256527,
      5.591043670293229e-05,
      -4.800625649211208e-05,
      -9.965936901460198e-08,
      2.781288862880898e-08,
      3.310817547859367e-11,
      -5.349865408359655e-12
    ],
    [
      1.2671833062928797e+53,
      1.2671833062928797e+53
    ]
  ],
  [
    [
      -9.571128736063784,
      6.680650173449878,
      -4.955862930544399,
      0.05928163553794297,
      0.030374250874256527,
      5.591043670293229e-05,
      -4.800625649211208e-05,
      -9.965213397646454e-08,
      2.781288862880898e-08,
      3.310817547859367e-11,
      -5.349865408359655e-12
    ],
    [
      1.2671833062928797e+53,
      1.2671833062928797e+53
    ]
  ],
  [
    [
      -9.571128736063784,
      6.680650173449878,
      -4.955862930544399,
      0.05928163553794297,
      0.030374250874256527,
      5.591043670293229e-05,
      -4.800625649211208e-05,
      -9.951559187254735e-08,
      2.781288862880898e-08,
      3.308485237812215e-11,
      -5.349865408359655e-12
    ],
    [
      1.2671833062928797e+53,
      1.2671833062928797e+53
    ]
  ],
  [
    [
      -9.571128736063784,
      6.680650173449878,
      -4.955862930544399,
      0.05928163553794297,
      0.030374250874256527,
      5.586084296908277e-05,
      -4.800625649211208e-05,
      -9.951559187254735e-08,
      2.781288862880898e-08,
      3.310817547859367e-11,
      -5.349865408359655e-12
    ],
    [
      1.2671833062929235e+53,
      1.2671833062929235e+53
    ]
  ],
  [
    [
      -9.571128736063784,
      6.680650173449878,
      -4.955862930544399,
      0.05928163553794297,
      0.030374250874256527,
      5.591043670293229e-05,
      -4.800625649211208e-05,
      -9.951559187254735e-08,
      2.781288862880898e-08,
      3.310382595038441e-11,
      -5.349865408359655e-12
    ],
    [
      1.2671833062928797e+53,
      1.2671833062928797e+53
    ]
  ],
  [
    [
      -9.571128736063784,
      6.680650173449878,
      -4.955862930544399,
      0.05928163553794297,
      0.030374250874256527,
      5.589025433395724e-05,
      -4.800625649211208e-05,
      -9.951559187254735e-08,
      2.781288862880898e-08,
      3.310817547859367e-11,
      -5.349865408359655e-12
    ],
    [
      1.2671833062928975e+53,
      1.2671833062928975e+53
    ]
  ],
  [
    [
      -9.571128736063784,
      6.680650173449878,
      -4.955862930544399,
      0.059249034750363735,
      0.030374250874256527,
      5.591043670293229e-05,
      -4.800625649211208e-05,
      -9.951559187254735e-08,
      2.781288862880898e-08,
      3.310817547859367e-11,
      -5.349865408359655e-12
    ],
    [
      1.267183275841625e+53,
      1.267183275841625e+53
    ]
  ],
  [
    [
      -9.571128736063784,
      6.680650173449878,
      -4.963101257957652,
      0.05928163553794297,
      0.030374250874256527,
      5.591043670293229e-05,
      -4.800625649211208e-05,
      -9.951559187254735e-08,
      2.781288862880898e-08,
      3.310817547859367e-11,
      -5.349865408359655e-12
    ],
    [
      1.2677490906103494e+53,
      1.2677490906103494e+53
    ]
  ],
  [
    [
      -9.571128736063784,
      6.680650173449878,
      -4.962238357677258,
      0.05928163553794297,
      0.030374250874256527,
      5.591043670293229e-05,
      -4.800625649211208e-05,
      -9.951559187254735e-08,
      2.781288862880898e-08,
      3.310817547859367e-11,
      -5.349865408359655e-12
    ],
    [
      1.2676815986029548e+53,
      1.2676815986029548e+53
    ]
  ],
  [
    [
      -9.571128736063784,
      6.680650173449878,
      -4.958927791626698,
      0.05928163553794297,
      0.030374250874256527,
      5.591043670293229e-05,
      -4.800625649211208e-05,
      -9.951559187254735e-08,
      2.781288862880898e-08,
      3.310817547859367e-11,
      -5.349865408359655e-12
    ],
    [
      1.2674227705536246e+53,
      1.2674227705536246e+53
    ]
  ],
  [
    [
      -9.571128736063784,
      6.680650173449878,
      -4.955862930544399,
      0.05927693548948333,
      0.030374250874256527,
      5.591043670293229e-05,
      -4.800625649211208e-05,
      -9.951559187254735e-08,
      2.781288862880898e-08,
      3.310817547859367e-11,
      -5.349865408359655e-12
    ],
    [
      1.2671833019016954e+53,
      1.2671833019016954e+53
    ]
  ],
  [
    [
      -9.571128736063784,
      6.680650173449878,
      -4.955862930544399,
      0.05928163553794297,
      0.030374250874256527,
      5.591043670293229e-05,
      -4.800625649211208e-05,
      -9.951559187254735e-08,
      2.781288862880898e-08,
      3.310817547859367e-11,
      -5.349865408359655e-12
    ],
    [
      1.2671833062928797e+53,
      1.2671833062928797e+53
    ]
  ],
  [
    [
      -9.571128736063784,
      6.680650173449878,
      -4.955862930544399,
      0.05928163553794297,
      0.030374250874256527,
      5.591043670293229e-05,
      -4.800625649211208e-05,
      -9.951559187254735e-08,
      2.781288862880898e-08,
      3.310817547859367e-11,
      -5.349865408359655e-12
    ],
    [
      1.2671833062928797e+53,
      1.2671833062928797e+53
    ]
  ],
  [
    [
      -9.571128736063784,
      6.680650173449878,
      -4.955862930544399,
      0.05928163553794297,
      0.030374250874256527,
      5.591043670293229e-05,
      -4.800625649211208e-05,
      -9.951559187254735e-08,
      2.781288862880898e-08,
      3.310817547859367e-11,
      -5.349865408359655e-12
    ],
    [
      1.2671833062928797e+53,
      1.2671833062928797e+53
    ]
  ],
  [
    [
      -9.571128736063784,
      6.680650173449878,
      -4.955862930544399,
      0.05928163553794297,
      0.030374250874256527,
      5.591043670293229e-05,
      -4.800625649211208e-05,
      -9.951559187254735e-08,
      2.781288862880898e-08,
      3.310817547859367e-11,
      -5.349865408359655e-12
    ],
    [
      1.2671833062928797e+53,
      1.2671833062928797e+53
    ]
  ],
  [
    [
      -9.571128736063784,
      6.680650173449878,
      -4.955862930544399,
      0.05928163553794297,
      0.030374250874256527,
      5.591043670293229e-05,
      -4.800625649211208e-05,
      -9.951559187254735e-08,
      2.781288862880898e-08,
      3.310817547859367e-11,
      -5.349865408359655e-12
    ],
    [
      1.2671833062928797e+53,
      1.2671833062928797e+53
    ]
  ],
  [
    [
      -9.571128736063784,
      6.680650173449878,
      -4.955862930544399,
      0.05928163553794297,
      0.030374250874256527,
      5.591043670293229e-05,
      -4.800625649211208e-05,
      -9.951559187254735e-08,
      2.781288862880898e-08,
      3.310817547859367e-11,
      -5.349865408359655e-12
    ],
    [
      1.2671833062928797e+53,
      1.2671833062928797e+53
    ]
  ],
  [
    [
      -9.571128736063784,
      6.680650173449878,
      -4.955862930544399,
      0.05928163553794297,
      0.030374250874256527,
      5.591043670293229e-05,
      -4.800625649211208e-05,
      -9.951559187254735e-08,
      2.781288862880898e-08,
      3.310817547859367e-11,
      -5.349865408359655e-12
    ],
    [
      1.2671833062928797e+53,
      1.2671833062928797e+53
    ]
  ],
  [
    [
      -9.571128736063784,
      6.680650173449878,
      -4.955862930544399,
      0.05928163553794297,
      0.030374250874256527,
      5.591043670293229e-05,
      -4.800625649211208e-05,
      -9.951559187254735e-08,
      2.781288862880898e-08,
      3.310817547859367e-11,
      -5.349865408359655e-12
    ],
    [
      1.2671833062928797e+53,
      1.2671833062928797e+53
    ]
  ],
  [
    [
      -9.571128736063784,
      6.680650173449878,
      -4.955862930544399,
      0.05928163553794297,
      0.030374250874256527,
      5.591043670293229e-05,
      -4.800625649211208e-05,
      -9.951559187254735e-08,
      2.781288862880898e-08,
      3.310817547859367e-11,
      -5.349865408359655e-12
    ],
    [
      1.2671833062928797e+53,
      1.2671833062928797e+53
    ]
  ],
  [
    [
      -9.571128736063784,
      6.680650173449878,
      -4.955862930544399,
      0.05928163553794297,
      0.030374250874256527,
      5.591043670293229e-05,
      -4.800625649211208e-05,
      -9.951559187254735e-08,
      2.781288862880898e-08,
      3.310817547859367e-11,
      -5.349865408359655e-12
    ],
    [
      1.2671833062928797e+53,
      1.2671833062928797e+53
    ]
  ],
  [
    [
      -9.571128736063784,
      6.680650173449878,
      -4.955862930544399,
      0.05928163553794297,
      0.030374250874256527,
      5.591043670293229e-05,
      -4.800625649211208e-05,
      -9.951559187254735e-08,
      2.781288862880898e-08,
      3.310817547859367e-11,
      -5.349865408359655e-12
    ],
    [
      1.2671833062928797e+53,
      1.2671833062928797e+53
    ]
  ],
  [
    [
      -9.571128736063784,
      6.680650173449878,
      -4.955862930544399,
      0.05928163553794297,
      0.030374250874256527,
      5.591043670293229e-05,
      -4.800625649211208e-05,
      -9.951559187254735e-08,
      2.781288862880898e-08,
      3.310817547859367e-11,
      -5.349865408359655e-12
    ],
    [
      1.2671833062928797e+53,
      1.2671833062928797e+53
    ]
  ],
  [
    [
      -9.571128736063784,
      6.680650173449878,
      -4.955862930544399,
      0.05928163553794297,
      0.030374250874256527,
      5.591043670293229e-05,
      -4.800625649211208e-05,
      -9.951559187254735e-08,
      2.781288862880898e-08,
      3.310817547859367e-11,
      -5.349865408359655e-12
    ],
    [
      1.2671833062928797e+53,
      1.2671833062928797e+53
    ]
  ],
  [
    [
      -9.571128736063784,
      6.680650173449878,
      -4.955862930544399,
      0.05928163553794297,
      0.030374250874256527,
      5.591043670293229e-05,
      -4.800625649211208e-05,
      -9.951559187254735e-08,
      2.781288862880898e-08,
      3.310817547859367e-11,
      -5.349865408359655e-12
    ],
    [
      1.2671833062928797e+53,
      1.2671833062928797e+53
    ]
  ],
  [
    [
      -9.571128736063784,
      6.680650173449878,
      -4.955862930544399,
      0.05928163553794297,
      0.030374250874256527,
      5.591043670293229e-05,
      -4.800625649211208e-05,
      -9.951559187254735e-08,
      2.781288862880898e-08,
      3.310817547859367e-11,
      -5.349865408359655e-12
    ],
    [
      1.2671833062928797e+53,
      1.2671833062928797e+53
    ]
  ],
  [
    [
      -9.571128736063784,
      6.680650173449878,
      -4.955862930544399,
      0.05928163553794297,
      0.030374250874256527,
      5.591043670293229e-05,
      -4.800625649211208e-05,
      -9.951559187254735e-08,
      2.781288862880898e-08,
      3.310817547859367e-11,
      -5.349865408359655e-12
    ],
    [
      1.2671833062928797e+53,
      1.2671833062928797e+53
    ]
  ],
  [
    [
      -9.571128736063784,
      6.680650173449878,
      -4.955862930544399,
      0.05928163553794297,
      0.030374250874256527,
      5.591043670293229e-05,
      -4.800625649211208e-05,
      -9.951559187254735e-08,
      2.781288862880898e-08,
      3.310817547859367e-11,
      -5.349865408359655e-12
    ],
    [
      1.2671833062928797e+53,
      1.2671833062928797e+53
    ]
  ],
  [
    [
      -9.571128736063784,
      6.680650173449878,
      -4.955862930544399,
      0.05928163553794297,
      0.030374250874256527,
      5.591043670293229e-05,
      -4.800625649211208e-05,
      -9.951559187254735e-08,
      2.781288862880898e-08,
      3.310817547859367e-11,
      -5.349865408359655e-12
    ],
    [
      1.2671833062928797e+53,
      1.2671833062928797e+53
    ]
  ],
  [
    [
      -9.571128736063784,
      6.680650173449878,
      -4.955862930544399,
      0.05928163553794297,
      0.030374250874256527,
      5.591043670293229e-05,
      -4.800625649211208e-05,
      -9.951559187254735e-08,
      2.781288862880898e-08,
      3.310817547859367e-11,
      -5.349865408359655e-12
    ],
    [
      1.2671833062928797e+53,
      1.2671833062928797e+53
    ]
  ],
  [
    [
      -9.571128736063784,
      6.680650173449878,
      -4.955862930544399,
      0.05928163553794297,
      0.030374250874256527,
      5.591043670293229e-05,
      -4.800625649211208e-05,
      -9.951559187254735e-08,
      2.781288862880898e-08,
      3.310817547859367e-11,
      -5.349865408359655e-12
    ],
    [
      1.2671833062928797e+53,
      1.2671833062928797e+53
    ]
  ],
  [
    [
      -9.571128736063784,
      6.684270503811557,
      -4.955862930544399,
      0.05928163553794297,
      0.030374250874256527,
      5.591043670293229e-05,
      -4.800625649211208e-05,
      -9.951559187254735e-08,
      2.781288862880898e-08,
      3.310817547859367e-11,
      -5.349865408359655e-12
    ],
    [
      1.2675646011498035e+53,
      1.2675646011498035e+53
    ]
  ],
  [
    [
      -9.571128736063784,
      6.680650173449878,
      -4.955862930544399,
      0.05924328829359555,
      0.030374250874256527,
      5.593125966272605e-05,
      -4.800625649211208e-05,
      -9.951559187254735e-08,
      2.781288862880898e-08,
      3.310817547859367e-11,
      -5.349865408359655e-12
    ],
    [
      1.267183270475779e+53,
      1.267183270475779e+53
    ]
  ],
  [
    [
      -9.571128736063784,
      6.680650173449878,
      -4.955862930544399,
      0.05928163553794297,
      0.030374250874256527,
      5.593125966272605e-05,
      -4.800625649211208e-05,
      -9.951559187254735e-08,
      2.781288862880898e-08,
      3.310817547859367e-11,
      -5.349865408359655e-12
    ],
    [
      1.2671833062928614e+53,
      1.2671833062928614e+53
    ]
  ],
  [
    [
      -9.571128736063784,
      6.680650173449878,
      -4.955862930544399,
      0.05928163553794297,
      0.030374250874256527,
      5.593125966272605e-05,
      -4.800625649211208e-05,
      -9.951559187254735e-08,
      2.781288862880898e-08,
      3.310817547859367e-11,
      -5.349865408359655e-12
    ],
    [
      1.2671833062928614e+53,
      1.2671833062928614e+53
    ]
  ],
  [
    [
      -9.571128736063784,
      6.680650173449878,
      -4.955862930544399,
      0.05928163553794297,
      0.030374250874256527,
      5.593125966272605e-05,
      -4.800625649211208e-05,
      -9.951559187254735e-08,
      2.781288862880898e-08,
      3.310817547859367e-11,
      -5.349865408359655e-12
    ],
    [
      1.2671833062928614e+53,
      1.2671833062928614e+53
    ]
  ],
  [
    [
      -9.571128736063784,
      6.680650173449878,
      -4.955862930544399,
      0.05928163553794297,
      0.030374250874256527,
      5.593125966272605e-05,
      -4.800625649211208e-05,
      -9.951559187254735e-08,
      2.781288862880898e-08,
      3.310817547859367e-11,
      -5.349865408359655e-12
    ],
    [
      1.2671833062928614e+53,
      1.2671833062928614e+53
    ]
  ],
  [
    [
      -9.571128736063784,
      6.680650173449878,
      -4.955862930544399,
      0.05928163553794297,
      0.030374250874256527,
      5.593125966272605e-05,
      -4.800625649211208e-05,
      -9.951559187254735e-08,
      2.781288862880898e-08,
      3.310817547859367e-11,
      -5.349865408359655e-12
    ],
    [
      1.2671833062928614e+53,
      1.2671833062928614e+53
    ]
  ],
  [
    [
      -9.571128736063784,
      6.680650173449878,
      -4.955862930544399,
      0.05928163553794297,
      0.030374250874256527,
      5.593125966272605e-05,
      -4.800625649211208e-05,
      -9.940176332511661e-08,
      2.781288862880898e-08,
      3.3155684895633487e-11,
      -5.349865408359655e-12
    ],
    [
      1.2671833062928614e+53,
      1.2671833062928614e+53
    ]
  ],
  [
    [
      -9.571128736063784,
      6.680650173449878,
      -4.955862930544399,
      0.05928163553794297,
      0.030374250874256527,
      5.593125966272605e-05,
      -4.800625649211208e-05,
      -9.940176332511661e-08,
      2.781288862880898e-08,
      3.310817547859367e-11,
      -5.349865408359655e-12
    ],
    [
      1.2671833062928614e+53,
      1.2671833062928614e+53
    ]
  ],
  [
    [
      -9.571128736063784,
      6.680650173449878,
      -4.955862930544399,
      0.05924328829359555,
      0.030374250874256527,
      5.593125966272605e-05,
      -4.800625649211208e-05,
      -9.951559187254735e-08,
      2.781288862880898e-08,
      3.306131708281065e-11,
      -5.349865408359655e-12
    ],
    [
      1.267183270475779e+53,
      1.267183270475779e+53
    ]
  ],
  [
    [
      -9.571128736063784,
      6.680650173449878,
      -4.955862930544399,
      0.059249034750363735,
      0.030374250874256527,
      5.591043670293229e-05,
      -4.800625649211208e-05,
      -9.951559187254735e-08,
      2.781288862880898e-08,
      3.310817547859367e-11,
      -5.349865408359655e-12
    ],
    [
      1.267183275841625e+53,
      1.267183275841625e+53
    ]
  ],
  [
    [
      -9.571128736063784,
      6.680650173449878,
      -4.955862930544399,
      0.05927693548948333,
      0.030374250874256527,
      5.591043670293229e-05,
      -4.800625649211208e-05,
      -9.951559187254735e-08,
      2.781288862880898e-08,
      3.310817547859367e-11,
      -5.349865408359655e-12
    ],
    [
      1.2671833019016954e+53,
      1.2671833019016954e+53
    ]
  ],
  [
    [
      -9.571128736063784,
      6.680650173449878,
      -4.955862930544399,
      0.059249034750363735,
      0.030374250874256527,
      5.591043670293229e-05,
      -4.800625649211208e-05,
      -9.951559187254735e-08,
      2.781288862880898e-08,
      3.310817547859367e-11,
      -5.349865408359655e-12
    ],
    [
      1.267183275841625e+53,
      1.267183275841625e+53
    ]
  ],
  [
    [
      -9.571128736063784,
      6.680650173449878,
      -4.955862930544399,
      0.05928163553794297,
      0.030374250874256527,
      5.593125966272605e-05,
      -4.800625649211208e-05,
      -9.951559187254735e-08,
      2.781288862880898e-08,
      3.313295070229378e-11,
      -5.349865408359655e-12
    ],
    [
      1.2671833062928614e+53,
      1.2671833062928614e+53
    ]
  ],
  [
    [
      -9.571128736063784,
      6.67010091412113,
      -4.955862930544399,
      0.05927693548948333,
      0.030374250874256527,
      5.591043670293229e-05,
      -4.800625649211208e-05,
      -9.951559187254735e-08,
      2.781288862880898e-08,
      3.310817547859367e-11,
      -5.349865408359655e-12
    ],
    [
      1.2660734270093088e+53,
      1.2660734270093088e+53
    ]
  ],
  [
    [
      -9.571128736063784,
      6.680650173449878,
      -4.955862930544399,
      0.05928163553794297,
      0.030374250874256527,
      5.593125966272605e-05,
      -4.800625649211208e-05,
      -9.951559187254735e-08,
      2.781288862880898e-08,
      3.310817547859367e-11,
      -5.349865408359655e-12
    ],
    [
      1.2671833062928614e+53,
      1.2671833062928614e+53
    ]
  ],
  [
    [
      -9.571128736063784,
      6.680650173449878,
      -4.955862930544399,
      0.05928163553794297,
      0.030374250874256527,
      5.593125966272605e-05,
      -4.800625649211208e-05,
      -9.951559187254735e-08,
      2.781288862880898e-08,
      3.310817547859367e-11,
      -5.3534250529399365e-12
    ],
    [
      1.2671833062928614e+53,
      1.2671833062928614e+53
    ]
  ],
  [
    [
      -9.571128736063784,
      6.680650173449878,
      -4.955862930544399,
      0.05928163553794297,
      0.030374250874256527,
      5.593125966272605e-05,
      -4.800625649211208e-05,
      -9.951559187254735e-08,
      2.781288862880898e-08,
      3.310817547859367e-11,
      -5.349865408359655e-12
    ],
    [
      1.2671833062928614e+53,
      1.2671833062928614e+53
    ]
  ],
  [
    [
      -9.571128736063784,
      6.680650173449878,
      -5.425160494928182,
      0.05928163553794297,
      0.030374250874256527,
      5.593125966272605e-05,
      -4.800625649211208e-05,
      -9.951559187254735e-08,
      2.781288862880898e-08,
      3.310817547859367e-11,
      -5.349865408359655e-12
    ],
    [
      1.3055747841795466e+53,
      1.3055747841795466e+53
    ]
  ],
  [
    [
      -9.571128736063784,
      6.680650173449878,
      -4.955862930544399,
      0.05924328829359555,
      0.030374250874256527,
      5.593125966272605e-05,
      -4.800625649211208e-05,
      -9.951559187254735e-08,
      2.781288862880898e-08,
      3.310817547859367e-11,
      -5.349865408359655e-12
    ],
    [
      1.267183270475779e+53,
      1.267183270475779e+53
    ]
  ],
  [
    [
      -9.571128736063784,
      6.680650173449878,
      -4.955862930544399,
      0.059249034750363735,
      0.030374250874256527,
      5.591043670293229e-05,
      -4.800625649211208e-05,
      -9.951559187254735e-08,
      2.781288862880898e-08,
      3.310817547859367e-11,
      -5.349865408359655e-12
    ],
    [
      1.267183275841625e+53,
      1.267183275841625e+53
    ]
  ],
  [
    [
      -9.571128736063784,
      6.680650173449878,
      -4.955862930544399,
      0.05927693548948333,
      0.030374250874256527,
      5.591043670293229e-05,
      -4.800625649211208e-05,
      -9.951559187254735e-08,
      2.781288862880898e-08,
      3.310817547859367e-11,
      -5.349865408359655e-12
    ],
    [
      1.2671833019016954e+53,
      1.2671833019016954e+53
    ]
  ],
  [
    [
      -9.571128736063784,
      6.680650173449878,
      -4.955862930544399,
      0.05928163553794297,
      0.030374250874256527,
      5.5885746509382174e-05,
      -4.800625649211208e-05,
      -9.951559187254735e-08,
      2.781288862880898e-08,
      3.310817547859367e-11,
      -5.349865408359655e-12
    ],
    [
      1.2671833062929016e+53,
      1.2671833062929016e+53
    ]
  ],
  [
    [
      -9.571128736063784,
      6.680650173449878,
      -4.955862930544399,
      0.0593141205227406,
      0.030374250874256527,
      5.593125966272605e-05,
      -4.800625649211208e-05,
      -9.951559187254735e-08,
      2.781288862880898e-08,
      3.310817547859367e-11,
      -5.349865408359655e-12
    ],
    [
      1.2671833366526102e+53,
      1.2671833366526102e+53
    ]
  ],
  [
    [
      -9.571128736063784,
      6.680650173449878,
      -4.955862930544399,
      0.05928163553794297,
      0.030374250874256527,
      5.593125966272605e-05,
      -4.800625649211208e-05,
      -9.959986476096311e-08,
      2.781288862880898e-08,
      3.310817547859367e-11,
      -5.349865408359655e-12
    ],
    [
      1.2671833062928614e+53,
      1.2671833062928614e+53
    ]
  ],
  [
    [
      -9.571128736063784,
      6.680650173449878,
      -4.955862930544399,
      0.05928163553794297,
      0.030374250874256527,
      5.593125966272605e-05,
      -4.800625649211208e-05,
      -9.951559187254735e-08,
      2.781288862880898e-08,
      3.310817547859367e-11,
      -5.349865408359655e-12
    ],
    [
      1.2671833062928614e+53,
      1.2671833062928614e+53
    ]
  ],
  [
    [
      -9.571128736063784,
      6.680650173449878,
      -4.954114572431295,
      0.05928163553794297,
      0.030374250874256527,
      5.593125966272605e-05,
      -4.800625649211208e-05,
      -9.951559187254735e-08,
      2.781288862880898e-08,
      3.310817547859367e-11,
      -5.349865408359655e-12
    ],
    [
      1.267046769586863e+53,
      1.267046769586863e+53
    ]
  ],
  [
    [
      -9.571128736063784,
      6.680650173449878,
      -4.955862930544399,
      0.05928163553794297,
      0.030374250874256527,
      5.593125966272605e-05,
      -4.800625649211208e-05,
      -9.940176332511661e-08,
      2.781288862880898e-08,
      3.3155684895633487e-11,
      -5.349865408359655e-12
    ],
    [
      1.2671833062928614e+53,
      1.2671833062928614e+53
    ]
  ],
  [
    [
      -9.571128736063784,
      6.685529905533645,
      -4.955862930544399,
      0.05928163553794297,
      0.030374250874256527,
      5.593125966272605e-05,
      -4.800625649211208e-05,
      -9.940176332511661e-08,
      2.781288862880898e-08,
      3.310817547859367e-11,
      -5.349865408359655e-12
    ],
    [
      1.2676972903468676e+53,
      1.2676972903468676e+53
    ]
  ],
  [
    [
      -9.571128736063784,
      6.680650173449878,
      -4.955862930544399,
      0.05928163553794297,
      0.030374250874256527,
      5.591043670293229e-05,
      -4.800625649211208e-05,
      -9.972190958314338e-08,
      2.781288862880898e-08,
      3.310817547859367e-11,
      -5.349865408359655e-12
    ],
    [
      1.2671833062928797e+53,
      1.2671833062928797e+53
    ]
  ],
  [
    [
      -9.571128736063784,
      6.680650173449878,
      -4.955862930544399,
      0.05928163553794297,
      0.030374250874256527,
      5.591043670293229e-05,
      -4.800625649211208e-05,
      -9.965213397646454e-08,
      2.781288862880898e-08,
      3.310817547859367e-11,
      -5.349865408359655e-12
    ],
    [
      1.2671833062928797e+53,
      1.2671833062928797e+53
    ]
  ],
  [
    [
      -9.571128736063784,
      6.680650173449878,
      -4.955862930544399,
      0.05928163553794297,
      0.030374250874256527,
      5.591043670293229e-05,
      -4.7984196484162037e-05,
      -9.951559187254735e-08,
      2.781288862880898e-08,
      3.308485237812215e-11,
      -5.349865408359655e-12
    ],
    [
      1.267183306292863e+53,
      1.267183306292863e+53
    ]
  ],
  [
    [
      -9.571128736063784,
      6.680650173449878,
      -4.955862930544399,
      0.05928163553794297,
      0.030374250874256527,
      5.598551527797109e-05,
      -4.800625649211208e-05,
      -9.951559187254735e-08,
      2.781288862880898e-08,
      3.310382595038441e-11,
      -5.349865408359655e-12
    ],
    [
      1.2671833062928135e+53,
      1.2671833062928135e+53
    ]
  ],
  [
    [
      -9.571128736063784,
      6.680650173449878,
      -4.955862930544399,
      0.05935706963027871,
      0.030374250874256527,
      5.591043670293229e-05,
      -4.800625649211208e-05,
      -9.951559187254735e-08,
      2.781288862880898e-08,
      3.310817547859367e-11,
      -5.349865408359655e-12
    ],
    [
      1.2671833768174464e+53,
      1.2671833768174464e+53
    ]
  ],
  [
    [
      -9.571128736063784,
      6.680650173449878,
      -4.955862930544399,
      0.05928163553794297,
      0.030374250874256527,
      5.591043670293229e-05,
      -4.800625649211208e-05,
      -9.951559187254735e-08,
      2.781288862880898e-08,
      3.310817547859367e-11,
      -5.349865408359655e-12
    ],
    [
      1.2671833062928797e+53,
      1.2671833062928797e+53
    ]
  ],
  [
    [
      -9.571128736063784,
      6.680650173449878,
      -4.955862930544399,
      0.05928163553794297,
      0.030374250874256527,
      5.591043670293229e-05,
      -4.800625649211208e-05,
      -9.951559187254735e-08,
      2.781288862880898e-08,
      3.310817547859367e-11,
      -5.349865408359655e-12
    ],
    [
      1.2671833062928797e+53,
      1.2671833062928797e+53
    ]
  ],
  [
    [
      -9.571128736063784,
      6.680650173449878,
      -4.955862930544399,
      0.05928163553794297,
      0.030374250874256527,
      5.591043670293229e-05,
      -4.800625649211208e-05,
      -9.951559187254735e-08,
      2.781288862880898e-08,
      3.310817547859367e-11,
      -5.349865408359655e-12
    ],
    [
      1.2671833062928797e+53,
      1.2671833062928797e+53
    ]
  ],
  [
    [
      -9.571128736063784,
      6.680650173449878,
      -4.955862930544399,
      0.05928163553794297,
      0.030374250874256527,
      5.591043670293229e-05,
      -4.800625649211208e-05,
      -9.951559187254735e-08,
      2.781288862880898e-08,
      3.310817547859367e-11,
      -5.349865408359655e-12
    ],
    [
      1.2671833062928797e+53,
      1.2671833062928797e+53
    ]
  ],
  [
    [
      -9.571128736063784,
      6.680650173449878,
      -4.955862930544399,
      0.05928163553794297,
      0.030374250874256527,
      5.591043670293229e-05,
      -4.800625649211208e-05,
      -9.951559187254735e-08,
      2.781288862880898e-08,
      3.310817547859367e-11,
      -5.349865408359655e-12
    ],
    [
      1.2671833062928797e+53,
      1.2671833062928797e+53
    ]
  ],
  [
    [
      -9.571128736063784,
      6.680650173449878,
      -4.955862930544399,
      0.05928163553794297,
      0.030374250874256527,
      5.591043670293229e-05,
      -4.800625649211208e-05,
      -9.948579773363766e-08,
      2.781288862880898e-08,
      3.310817547859367e-11,
      -5.349865408359655e-12
    ],
    [
      1.2671833062928797e+53,
      1.2671833062928797e+53
    ]
  ],
  [
    [
      -9.571128736063784,
      6.680650173449878,
      -4.955862930544399,
      0.05928163553794297,
      0.030374250874256527,
      5.591043670293229e-05,
      -4.800625649211208e-05,
      -9.951559187254735e-08,
      2.781288862880898e-08,
      3.310817547859367e-11,
      -5.349865408359655e-12
    ],
    [
      1.2671833062928797e+53,
      1.2671833062928797e+53
    ]
  ],
  [
    [
      -9.571128736063784,
      6.680650173449878,
      -4.949990941748132,
      0.05928163553794297,
      0.030374250874256527,
      5.591043670293229e-05,
      -4.800625649211208e-05,
      -9.951559187254735e-08,
      2.781288862880898e-08,
      3.310817547859367e-11,
      -5.349865408359655e-12
    ],
    [
      1.2667249285784733e+53,
      1.2667249285784733e+53
    ]
  ],
  [
    [
      -9.571128736063784,
      6.680650173449878,
      -4.955862930544399,
      0.05928163553794297,
      0.030374250874256527,
      5.591043670293229e-05,
      -4.800625649211208e-05,
      -9.951559187254735e-08,
      2.781288862880898e-08,
      3.310817547859367e-11,
      -5.349865408359655e-12
    ],
    [
      1.2671833062928797e+53,
      1.2671833062928797e+53
    ]
  ],
  [
    [
      -9.571128736063784,
      6.680650173449878,
      -4.955862930544399,
      0.05928163553794297,
      0.030374250874256527,
      5.591043670293229e-05,
      -4.800625649211208e-05,
      -9.964688178188112e-08,
      2.781288862880898e-08,
      3.310817547859367e-11,
      -5.349865408359655e-12
    ],
    [
      1.2671833062928797e+53,
      1.2671833062928797e+53
    ]
  ],
  [
    [
      -9.571128736063784,
      6.680650173449878,
      -4.955862930544399,
      0.05928163553794297,
      0.030374250874256527,
      5.591043670293229e-05,
      -4.800625649211208e-05,
      -9.951559187254735e-08,
      2.781288862880898e-08,
      3.310817547859367e-11,
      -5.349865408359655e-12
    ],
    [
      1.2671833062928797e+53,
      1.2671833062928797e+53
    ]
  ],
  [
    [
      -9.571128736063784,
      6.680650173449878,
      -4.955862930544399,
      0.05928163553794297,
      0.030374250874256527,
      5.591043670293229e-05,
      -4.800625649211208e-05,
      -9.951559187254735e-08,
      2.781288862880898e-08,
      3.310817547859367e-11,
      -5.349865408359655e-12
    ],
    [
      1.2671833062928797e+53,
      1.2671833062928797e+53
    ]
  ],
  [
    [
      -9.571128736063784,
      6.680650173449878,
      -4.955862930544399,
      0.05928163553794297,
      0.030374250874256527,
      5.591043670293229e-05,
      -4.800625649211208e-05,
      -9.951559187254735e-08,
      2.781288862880898e-08,
      3.310817547859367e-11,
      -5.349865408359655e-12
    ],
    [
      1.2671833062928797e+53,
      1.2671833062928797e+53
    ]
  ],
  [
    [
      -9.571128736063784,
      6.680650173449878,
      -4.955862930544399,
      0.05928163553794297,
      0.030374250874256527,
      5.591043670293229e-05,
      -4.800625649211208e-05,
      -9.951559187254735e-08,
      2.781288862880898e-08,
      3.310817547859367e-11,
      -5.349865408359655e-12
    ],
    [
      1.2671833062928797e+53,
      1.2671833062928797e+53
    ]
  ],
  [
    [
      -9.571128736063784,
      6.680650173449878,
      -4.955862930544399,
      0.05928163553794297,
      0.030374250874256527,
      5.5875244136793467e-05,
      -4.800625649211208e-05,
      -9.951559187254735e-08,
      2.781288862880898e-08,
      3.310817547859367e-11,
      -5.349865408359655e-12
    ],
    [
      1.2671833062929107e+53,
      1.2671833062929107e+53
    ]
  ],
  [
    [
      -9.571128736063784,
      6.67010091412113,
      -4.955862930544399,
      0.05927693548948333,
      0.030374250874256527,
      5.591043670293229e-05,
      -4.800625649211208e-05,
      -9.951559187254735e-08,
      2.781288862880898e-08,
      3.310817547859367e-11,
      -5.354492942414798e-12
    ],
    [
      1.2660734270093088e+53,
      1.2660734270093088e+53
    ]
  ],
  [
    [
      -9.571128736063784,
      6.680650173449878,
      -4.949990941748132,
      0.05928163553794297,
      0.030374250874256527,
      5.591043670293229e-05,
      -4.800625649211208e-05,
      -9.951559187254735e-08,
      2.781288862880898e-08,
      3.310817547859367e-11,
      -5.349865408359655e-12
    ],
    [
      1.2667249285784733e+53,
      1.2667249285784733e+53
    ]
  ],
  [
    [
      -9.571128736063784,
      6.680650173449878,
      -4.949990941748132,
      0.05928163553794297,
      0.030374250874256527,
      5.593125966272605e-05,
      -4.800625649211208e-05,
      -9.951559187254735e-08,
      2.781288862880898e-08,
      3.310817547859367e-11,
      -5.349865408359655e-12
    ],
    [
      1.266724928578455e+53,
      1.266724928578455e+53
    ]
  ],
  [
    [
      -9.571128736063784,
      6.680650173449878,
      -4.954114572431295,
      0.05928163553794297,
      0.030374250874256527,
      5.591043670293229e-05,
      -4.800625649211208e-05,
      -9.951559187254735e-08,
      2.781288862880898e-08,
      3.310817547859367e-11,
      -5.349865408359655e-12
    ],
    [
      1.2670467695868813e+53,
      1.2670467695868813e+53
    ]
  ],
  [
    [
      -9.571128736063784,
      6.680650173449878,
      -4.954114572431295,
      0.05928163553794297,
      0.030374250874256527,
      5.593125966272605e-05,
      -4.800625649211208e-05,
      -9.951559187254735e-08,
      2.781288862880898e-08,
      3.306131708281065e-11,
      -5.349865408359655e-12
    ],
    [
      1.267046769586863e+53,
      1.267046769586863e+53
    ]
  ],
  [
    [
      -9.571128736063784,
      6.680650173449878,
      -4.9490443784118865,
      0.05924328829359555,
      0.030374250874256527,
      5.593125966272605e-05,
      -4.800625649211208e-05,
      -9.951559187254735e-08,
      2.781288862880898e-08,
      3.310817547859367e-11,
      -5.349865408359655e-12
    ],
    [
      1.2666510532333772e+53,
      1.2666510532333772e+53
    ]
  ],
  [
    [
      -9.571128736063784,
      6.680650173449878,
      -4.947759903949694,
      0.05924328829359555,
      0.030374250874256527,
      5.593125966272605e-05,
      -4.800625649211208e-05,
      -9.951559187254735e-08,
      2.781288862880898e-08,
      3.306131708281065e-11,
      -5.349865408359655e-12
    ],
    [
      1.266550876511671e+53,
      1.266550876511671e+53
    ]
  ],
  [
    [
      -9.571128736063784,
      6.680650173449878,
      -4.955862930544399,
      0.05924328829359555,
      0.030374250874256527,
      5.593125966272605e-05,
      -4.800625649211208e-05,
      -9.951559187254735e-08,
      2.781288862880898e-08,
      3.310817547859367e-11,
      -5.349865408359655e-12
    ],
    [
      1.267183270475779e+53,
      1.267183270475779e+53
    ]
  ],
  [
    [
      -9.571128736063784,
      6.680650173449878,
      -4.955862930544399,
      0.05924328829359555,
      0.030374250874256527,
      5.593125966272605e-05,
      -4.800625649211208e-05,
      0.938403609599497,
      2.781288862880898e-08,
      3.310817547859367e-11,
      -5.349865408359655e-12
    ],
    [
      1.2741227308250825e+53,
      1.2741227308250825e+53
    ]
  ],
  [
    [
      -9.571128736063784,
      6.680650173449878,
      -4.955862930544399,
      0.059249034750363735,
      0.030374250874256527,
      5.591043670293229e-05,
      -4.800625649211208e-05,
      -9.951559187254735e-08,
      2.781288862880898e-08,
      3.310817547859367e-11,
      -5.349865408359655e-12
    ],
    [
      1.267183275841625e+53,
      1.267183275841625e+53
    ]
  ],
  [
    [
      -9.571128736063784,
      6.67010091412113,
      -4.955862930544399,
      -0.3029511813127429,
      0.030374250874256527,
      5.591043670293229e-05,
      -4.800625649211208e-05,
      -9.951559187254735e-08,
      2.781288862880898e-08,
      3.310817547859367e-11,
      -5.349865408359655e-12
    ],
    [
      1.2667689926936016e+53,
      1.2667689926936016e+53
    ]
  ],
  [
    [
      -9.571128736063784,
      6.680650173449878,
      -4.95452868406027,
      0.05928163553794297,
      0.030374250874256527,
      5.591043670293229e-05,
      -4.800625649211208e-05,
      -9.951559187254735e-08,
      2.781288862880898e-08,
      3.310817547859367e-11,
      -5.349865408359655e-12
    ],
    [
      1.2670791049675798e+53,
      1.2670791049675798e+53
    ]
  ],
  [
    [
      -9.571128736063784,
      6.680650173449878,
      -4.954114572431295,
      0.05928163553794297,
      0.030374250874256527,
      5.593125966272605e-05,
      -4.800625649211208e-05,
      -9.951559187254735e-08,
      2.781288862880898e-08,
      3.3147646476599485e-11,
      -5.349865408359655e-12
    ],
    [
      1.267046769586863e+53,
      1.267046769586863e+53
    ]
  ],
  [
    [
      -9.571128736063784,
      6.680650173449878,
      -4.955862930544399,
      0.05924328829359555,
      0.030374250874256527,
      5.593125966272605e-05,
      -4.800625649211208e-05,
      -9.951559187254735e-08,
      2.781288862880898e-08,
      3.306131708281065e-11,
      -5.355409624131495e-12
    ],
    [
      1.267183270475779e+53,
      1.267183270475779e+53
    ]
  ],
  [
    [
      -9.571128736063784,
      6.680650173449878,
      -4.955862930544399,
      0.05924328829359555,
      0.03038935062042774,
      5.593125966272605e-05,
      -4.800625649211208e-05,
      -9.951559187254735e-08,
      2.781288862880898e-08,
      3.310817547859367e-11,
      -5.349865408359655e-12
    ],
    [
      1.2671832777061321e+53,
      1.2671832777061321e+53
    ]
  ],
  [
    [
      -9.571128736063784,
      6.680650173449878,
      -4.955862930544399,
      0.059249034750363735,
      0.030374250874256527,
      5.591043670293229e-05,
      -4.800625649211208e-05,
      -9.951559187254735e-08,
      2.781288862880898e-08,
      3.310817547859367e-11,
      -5.349865408359655e-12
    ],
    [
      1.267183275841625e+53,
      1.267183275841625e+53
    ]
  ],
  [
    [
      -9.571128736063784,
      6.680650173449878,
      -4.955862930544399,
      0.059249034750363735,
      0.030374250874256527,
      5.591043670293229e-05,
      -4.800625649211208e-05,
      -9.951559187254735e-08,
      2.781288862880898e-08,
      3.310817547859367e-11,
      -5.349865408359655e-12
    ],
    [
      1.267183275841625e+53,
      1.267183275841625e+53
    ]
  ],
  [
    [
      -9.571128736063784,
      6.680650173449878,
      -4.955862930544399,
      0.059249034750363735,
      0.030374250874256527,
      5.591043670293229e-05,
      -4.800625649211208e-05,
      -9.951559187254735e-08,
      2.781288862880898e-08,
      3.310817547859367e-11,
      -5.349865408359655e-12
    ],
    [
      1.267183275841625e+53,
      1.267183275841625e+53
    ]
  ],
  [
    [
      -9.571128736063784,
      6.680650173449878,
      -4.955862930544399,
      0.05927693548948333,
      0.030374250874256527,
      5.591043670293229e-05,
      -4.800625649211208e-05,
      -9.951559187254735e-08,
      2.7778615879687195e-08,
      3.310817547859367e-11,
      -5.349865408359655e-12
    ],
    [
      1.2671833019016954e+53,
      1.2671833019016954e+53
    ]
  ],
  [
    [
      -9.571128736063784,
      6.680650173449878,
      -4.955862930544399,
      0.05933570898241598,
      0.030374250874256527,
      5.591043670293229e-05,
      -4.800625649211208e-05,
      -9.951559187254735e-08,
      2.781288862880898e-08,
      3.310817547859367e-11,
      -5.349865408359655e-12
    ],
    [
      1.2671833568379252e+53,
      1.2671833568379252e+53
    ]
  ],
  [
    [
      -9.571128736063784,
      6.680650173449878,
      -4.955862930544399,
      0.05928163553794297,
      0.030374250874256527,
      5.598551527797109e-05,
      -4.800625649211208e-05,
      -9.951559187254735e-08,
      2.781288862880898e-08,
      3.310382595038441e-11,
      -5.349865408359655e-12
    ],
    [
      1.2671833062928135e+53,
      1.2671833062928135e+53
    ]
  ],
  [
    [
      -9.555882013413925,
      6.680650173449878,
      -4.955862930544399,
      0.05928163553794297,
      0.030374250874256527,
      5.593125966272605e-05,
      -4.800625649211208e-05,
      -9.951559187254735e-08,
      2.781288862880898e-08,
      3.313295070229378e-11,
      -5.349865408359655e-12
    ],
    [
      1.2648852007961716e+53,
      1.2648852007961716e+53
    ]
  ],
  [
    [
      -9.571128736063784,
      6.680650173449878,
      -4.955862930544399,
      0.05928163553794297,
      0.030374250874256527,
      5.593125966272605e-05,
      -4.800625649211208e-05,
      -9.951559187254735e-08,
      2.781288862880898e-08,
      3.310817547859367e-11,
      -5.349865408359655e-12
    ],
    [
      1.2671833062928614e+53,
      1.2671833062928614e+53
    ]
  ],
  [
    [
      -9.571128736063784,
      6.680650173449878,
      -4.955862930544399,
      0.05928163553794297,
      0.030374250874256527,
      5.593125966272605e-05,
      -4.800625649211208e-05,
      -9.951559187254735e-08,
      2.7846630336019878e-08,
      3.310817547859367e-11,
      -5.3534250529399365e-12
    ],
    [
      1.2671833062928614e+53,
      1.2671833062928614e+53
    ]
  ],
  [
    [
      -9.571128736063784,
      6.680650173449878,
      -4.955862930544399,
      0.05928163553794297,
      0.030374250874256527,
      5.593125966272605e-05,
      -4.800625649211208e-05,
      -9.951559187254735e-08,
      2.781288862880898e-08,
      3.310817547859367e-11,
      -5.349865408359655e-12
    ],
    [
      1.2671833062928614e+53,
      1.2671833062928614e+53
    ]
  ],
  [
    [
      -9.571128736063784,
      6.680650173449878,
      -4.955862930544399,
      0.05928163553794297,
      0.030374250874256527,
      5.593125966272605e-05,
      -4.800625649211208e-05,
      -9.959986476096311e-08,
      2.781288862880898e-08,
      3.310817547859367e-11,
      -5.349865408359655e-12
    ],
    [
      1.2671833062928614e+53,
      1.2671833062928614e+53
    ]
  ],
  [
    [
      -9.571128736063784,
      6.680650173449878,
      -4.955862930544399,
      0.05928163553794297,
      0.030374250874256527,
      5.593125966272605e-05,
      -4.800625649211208e-05,
      -9.951559187254735e-08,
      2.781288862880898e-08,
      3.310817547859367e-11,
      -5.349865408359655e-12
    ],
    [
      1.2671833062928614e+53,
      1.2671833062928614e+53
    ]
  ],
  [
    [
      -9.571128736063784,
      6.6773332546790725,
      -4.955862930544399,
      0.05928163553794297,
      0.030374250874256527,
      5.593125966272605e-05,
      -4.800625649211208e-05,
      -9.940176332511661e-08,
      2.781288862880898e-08,
      3.3155684895633487e-11,
      -5.349865408359655e-12
    ],
    [
      1.2668341482135893e+53,
      1.2668341482135893e+53
    ]
  ],
  [
    [
      -9.571128736063784,
      6.680650173449878,
      -4.955862930544399,
      0.05928163553794297,
      0.030374250874256527,
      5.591043670293229e-05,
      -4.7984196484162037e-05,
      -9.951559187254735e-08,
      2.781288862880898e-08,
      3.308485237812215e-11,
      -5.349865408359655e-12
    ],
    [
      1.267183306292863e+53,
      1.267183306292863e+53
    ]
  ],
  [
    [
      -9.571128736063784,
      6.680650173449878,
      -4.955862930544399,
      0.05928163553794297,
      0.030374250874256527,
      5.591043670293229e-05,
      -4.800625649211208e-05,
      -9.972190958314338e-08,
      2.781288862880898e-08,
      3.310817547859367e-11,
      -5.349865408359655e-12
    ],
    [
      1.2671833062928797e+53,
      1.2671833062928797e+53
    ]
  ],
  [
    [
      -9.571128736063784,
      6.680453655157472,
      -4.955862930544399,
      0.05928163553794297,
      0.030374250874256527,
      5.591043670293229e-05,
      -4.800625649211208e-05,
      -9.965213397646454e-08,
      2.781288862880898e-08,
      3.310817547859367e-11,
      -5.349865408359655e-12
    ],
    [
      1.267162614806949e+53,
      1.267162614806949e+53
    ]
  ],
  [
    [
      -9.571128736063784,
      6.680650173449878,
      -4.955862930544399,
      0.05928163553794297,
      0.030374250874256527,
      5.591043670293229e-05,
      -4.800625649211208e-05,
      -9.951559187254735e-08,
      2.781288862880898e-08,
      3.310817547859367e-11,
      -5.349865408359655e-12
    ],
    [
      1.2671833062928797e+53,
      1.2671833062928797e+53
    ]
  ],
  [
    [
      -9.571128736063784,
      6.680650173449878,
      -4.959122750671313,
      0.05928163553794297,
      0.030374250874256527,
      5.591043670293229e-05,
      -4.800625649211208e-05,
      -9.951559187254735e-08,
      2.781288862880898e-08,
      3.310817547859367e-11,
      -5.349865408359655e-12
    ],
    [
      1.2674380081359288e+53,
      1.2674380081359288e+53
    ]
  ],
  [
    [
      -9.571128736063784,
      6.685946113397847,
      -4.955862930544399,
      0.05928163553794297,
      0.030374250874256527,
      5.591043670293229e-05,
      -4.800625649211208e-05,
      -9.951559187254735e-08,
      2.781288862880898e-08,
      3.310817547859367e-11,
      -5.349865408359655e-12
    ],
    [
      1.2677411470510246e+53,
      1.2677411470510246e+53
    ]
  ],
  [
    [
      -9.571128736063784,
      6.680650173449878,
      -4.955862930544399,
      0.05928163553794297,
      0.030374250874256527,
      5.591043670293229e-05,
      -4.800625649211208e-05,
      -9.951559187254735e-08,
      2.781288862880898e-08,
      3.310817547859367e-11,
      -5.349865408359655e-12
    ],
    [
      1.2671833062928797e+53,
      1.2671833062928797e+53
    ]
  ],
  [
    [
      -9.571128736063784,
      6.680650173449878,
      -4.955862930544399,
      0.05928163553794297,
      0.030374250874256527,
      5.591043670293229e-05,
      -4.800625649211208e-05,
      -9.951559187254735e-08,
      2.781288862880898e-08,
      3.310817547859367e-11,
      -5.349865408359655e-12
    ],
    [
      1.2671833062928797e+53,
      1.2671833062928797e+53
    ]
  ],
  [
    [
      -9.571128736063784,
      6.680650173449878,
      -4.955862930544399,
      0.05928163553794297,
      0.030374250874256527,
      5.591043670293229e-05,
      -4.800625649211208e-05,
      -9.948579773363766e-08,
      2.781288862880898e-08,
      3.310817547859367e-11,
      -5.349865408359655e-12
    ],
    [
      1.2671833062928797e+53,
      1.2671833062928797e+53
    ]
  ],
  [
    [
      -9.571128736063784,
      6.680650173449878,
      -4.955862930544399,
      0.05928163553794297,
      0.030374250874256527,
      5.591043670293229e-05,
      -4.800625649211208e-05,
      -9.951559187254735e-08,
      2.781288862880898e-08,
      3.310817547859367e-11,
      -5.349865408359655e-12
    ],
    [
      1.2671833062928797e+53,
      1.2671833062928797e+53
    ]
  ],
  [
    [
      -9.571128736063784,
      6.680650173449878,
      -4.955862930544399,
      0.05928163553794297,
      0.030374250874256527,
      5.591043670293229e-05,
      -4.800625649211208e-05,
      -9.951559187254735e-08,
      2.781288862880898e-08,
      3.310817547859367e-11,
      -5.349865408359655e-12
    ],
    [
      1.2671833062928797e+53,
      1.2671833062928797e+53
    ]
  ],
  [
    [
      -9.571128736063784,
      6.680650173449878,
      -4.955862930544399,
      0.05928163553794297,
      0.030374250874256527,
      5.591043670293229e-05,
      -4.800625649211208e-05,
      -9.964688178188112e-08,
      2.781288862880898e-08,
      3.310817547859367e-11,
      -5.349865408359655e-12
    ],
    [
      1.2671833062928797e+53,
      1.2671833062928797e+53
    ]
  ],
  [
    [
      -9.555882013413925,
      6.680650173449878,
      -4.955862930544399,
      0.05928163553794297,
      0.030374250874256527,
      5.593125966272605e-05,
      -4.800625649211208e-05,
      -9.951559187254735e-08,
      2.781288862880898e-08,
      3.310817547859367e-11,
      -5.354492942414798e-12
    ],
    [
      1.2648852007961716e+53,
      1.2648852007961716e+53
    ]
  ],
  [
    [
      -9.571128736063784,
      6.67010091412113,
      -4.955862930544399,
      0.05927693548948333,
      0.030374250874256527,
      5.591043670293229e-05,
      -4.800625649211208e-05,
      -9.951559187254735e-08,
      2.781288862880898e-08,
      3.313295070229378e-11,
      -5.349865408359655e-12
    ],
    [
      1.2660734270093088e+53,
      1.2660734270093088e+53
    ]
  ],
  [
    [
      -9.571128736063784,
      6.67010091412113,
      -4.955862930544399,
      0.05927693548948333,
      0.030374250874256527,
      5.593125966272605e-05,
      -4.800625649211208e-05,
      -9.951559187254735e-08,
      2.781288862880898e-08,
      3.306131708281065e-11,
      -5.349865408359655e-12
    ],
    [
      1.2660734270092905e+53,
      1.2660734270092905e+53
    ]
  ],
  [
    [
      -9.571128736063784,
      6.680650173449878,
      -4.947759903949694,
      0.05924328829359555,
      0.030374250874256527,
      5.591043670293229e-05,
      -4.800625649211208e-05,
      -9.951559187254735e-08,
      2.781288862880898e-08,
      3.310817547859367e-11,
      -5.354492942414798e-12
    ],
    [
      1.2665508765116893e+53,
      1.2665508765116893e+53
    ]
  ],
  [
    [
      -9.571128736063784,
      6.680650173449878,
      -4.947759903949694,
      0.05924328829359555,
      0.030374250874256527,
      5.593125966272605e-05,
      -4.800625649211208e-05,
      -9.951559187254735e-08,
      2.781288862880898e-08,
      3.310817547859367e-11,
      -5.349865408359655e-12
    ],
    [
      1.266550876511671e+53,
      1.266550876511671e+53
    ]
  ],
  [
    [
      -9.571128736063784,
      6.680650173449878,
      -4.9490443784118865,
      0.05924328829359555,
      0.030374250874256527,
      5.593125966272605e-05,
      -4.800625649211208e-05,
      -9.951559187254735e-08,
      2.781288862880898e-08,
      3.306131708281065e-11,
      -5.349865408359655e-12
    ],
    [
      1.2666510532333772e+53,
      1.2666510532333772e+53
    ]
  ],
  [
    [
      -9.571128736063784,
      6.680650173449878,
      -4.9490443784118865,
      0.05924328829359555,
      0.030374250874256527,
      5.593125966272605e-05,
      -4.800625649211208e-05,
      -9.951559187254735e-08,
      2.783491721908391e-08,
      3.310817547859367e-11,
      -5.349865408359655e-12
    ],
    [
      1.2666510532333772e+53,
      1.2666510532333772e+53
    ]
  ],
  [
    [
      -9.571128736063784,
      6.680650173449878,
      -4.949990941748132,
      0.05928163553794297,
      0.030374250874256527,
      5.593125966272605e-05,
      -4.800625649211208e-05,
      -9.951559187254735e-08,
      2.781288862880898e-08,
      3.310817547859367e-11,
      -5.349865408359655e-12
    ],
    [
      1.266724928578455e+53,
      1.266724928578455e+53
    ]
  ],
  [
    [
      -9.571128736063784,
      6.680650173449878,
      -4.949990941748132,
      0.05928163553794297,
      0.030337890354455686,
      5.591043670293229e-05,
      -4.800625649211208e-05,
      -9.951559187254735e-08,
      2.781288862880898e-08,
      3.310817547859367e-11,
      -5.349865408359655e-12
    ],
    [
      1.2667249111823695e+53,
      1.2667249111823695e+53
    ]
  ],
  [
    [
      -9.571128736063784,
      6.680650173449878,
      -4.949990941748132,
      0.05928163553794297,
      0.030374250874256527,
      5.593125966272605e-05,
      -4.800625649211208e-05,
      -9.951559187254735e-08,
      2.7804211678502054e-08,
      3.310817547859367e-11,
      -5.349865408359655e-12
    ],
    [
      1.266724928578455e+53,
      1.266724928578455e+53
    ]
  ],
  [
    [
      -9.571324809270413,
      6.680650173449878,
      -4.955862930544399,
      0.05928163553794297,
      0.030374250874256527,
      5.593125966272605e-05,
      -4.800625649211208e-05,
      -9.951559187254735e-08,
      2.781288862880898e-08,
      3.313295070229378e-11,
      -5.349865408359655e-12
    ],
    [
      1.2672128838439131e+53,
      1.2672128838439131e+53
    ]
  ],
  [
    [
      -9.571128736063784,
      6.67010091412113,
      -4.955862930544399,
      0.05927693548948333,
      0.030374250874256527,
      5.591043670293229e-05,
      -4.800625649211208e-05,
      -9.951559187254735e-08,
      2.781288862880898e-08,
      3.310817547859367e-11,
      -5.354492942414798e-12
    ],
    [
      1.2660734270093088e+53,
      1.2660734270093088e+53
    ]
  ],
  [
    [
      -9.571128736063784,
      6.680650173449878,
      -4.947759903949694,
      0.05922061068936629,
      0.030374250874256527,
      5.593125966272605e-05,
      -4.800625649211208e-05,
      -9.951559187254735e-08,
      2.781288862880898e-08,
      3.306131708281065e-11,
      -5.349865408359655e-12
    ],
    [
      1.2665508553412473e+53,
      1.2665508553412473e+53
    ]
  ],
  [
    [
      -9.571128736063784,
      6.680650173449878,
      -4.9490443784118865,
      0.05924328829359555,
      0.030374250874256527,
      5.593125966272605e-05,
      -4.800625649211208e-05,
      -9.951559187254735e-08,
      2.781288862880898e-08,
      3.310817547859367e-11,
      -5.349865408359655e-12
    ],
    [
      1.2666510532333772e+53,
      1.2666510532333772e+53
    ]
  ],
  [
    [
      -9.571128736063784,
      6.680650173449878,
      -4.949990941748132,
      0.05928163553794297,
      0.030374250874256527,
      5.593125966272605e-05,
      -4.800625649211208e-05,
      -9.951559187254735e-08,
      2.781288862880898e-08,
      3.310817547859367e-11,
      -5.349865408359655e-12
    ],
    [
      1.266724928578455e+53,
      1.266724928578455e+53
    ]
  ],
  [
    [
      -9.571128736063784,
      6.680650173449878,
      -4.949990941748132,
      0.05928163553794297,
      0.030374250874256527,
      5.591043670293229e-05,
      -4.800625649211208e-05,
      -9.951559187254735e-08,
      2.781288862880898e-08,
      3.310817547859367e-11,
      -5.349865408359655e-12
    ],
    [
      1.2667249285784733e+53,
      1.2667249285784733e+53
    ]
  ],
  [
    [
      -9.571128736063784,
      6.67010091412113,
      -4.955862930544399,
      -0.3029511813127429,
      0.030374250874256527,
      5.591043670293229e-05,
      -4.800625649211208e-05,
      -9.951559187254735e-08,
      2.781288862880898e-08,
      3.310817547859367e-11,
      -5.349865408359655e-12
    ],
    [
      1.2667689926936016e+53,
      1.2667689926936016e+53
    ]
  ],
  [
    [
      -9.571128736063784,
      6.6773332546790725,
      -4.955862930544399,
      0.05928163553794297,
      0.030374250874256527,
      5.593125966272605e-05,
      -4.800625649211208e-05,
      -9.940176332511661e-08,
      2.781288862880898e-08,
      3.3155684895633487e-11,
      -5.349865408359655e-12
    ],
    [
      1.2668341482135893e+53,
      1.2668341482135893e+53
    ]
  ],
  [
    [
      -9.571128736063784,
      6.680650173449878,
      -4.954114572431295,
      0.05928163553794297,
      0.030387839006798433,
      5.593125966272605e-05,
      -4.800625649211208e-05,
      -9.951559187254735e-08,
      2.781288862880898e-08,
      3.306131708281065e-11,
      -5.349865408359655e-12
    ],
    [
      1.267046776093234e+53,
      1.267046776093234e+53
    ]
  ],
  [
    [
      -9.571128736063784,
      6.680650173449878,
      -4.954114572431295,
      0.05928163553794297,
      0.030374250874256527,
      5.593125966272605e-05,
      -4.800625649211208e-05,
      -9.951559187254735e-08,
      2.781288862880898e-08,
      3.3147646476599485e-11,
      -5.350324504865277e-12
    ],
    [
      1.267046769586863e+53,
      1.267046769586863e+53
    ]
  ],
  [
    [
      -9.571128736063784,
      6.680650173449878,
      -4.954114572431295,
      0.05928163553794297,
      0.030332260913051946,
      5.591043670293229e-05,
      -4.800625649211208e-05,
      -9.951559187254735e-08,
      2.781288862880898e-08,
      3.310817547859367e-11,
      -5.349865408359655e-12
    ],
    [
      1.2670467494993247e+53,
      1.2670467494993247e+53
    ]
  ],
  [
    [
      -9.571128736063784,
      6.680650173449878,
      -4.95452868406027,
      0.05928163553794297,
      0.030374250874256527,
      5.591043670293229e-05,
      -4.800625649211208e-05,
      -9.951559187254735e-08,
      2.781288862880898e-08,
      3.310817547859367e-11,
      -5.349865408359655e-12
    ],
    [
      1.2670791049675798e+53,
      1.2670791049675798e+53
    ]
  ],
  [
    [
      -9.571128736063784,
      6.680453655157472,
      -4.955862930544399,
      0.05928163553794297,
      0.030374250874256527,
      5.591043670293229e-05,
      -4.800625649211208e-05,
      -9.965213397646454e-08,
      2.781288862880898e-08,
      3.310817547859367e-11,
      -5.349865408359655e-12
    ],
    [
      1.267162614806949e+53,
      1.267162614806949e+53
    ]
  ],
  [
    [
      -9.571128736063784,
      6.680650173449878,
      -4.955862930544399,
      0.05924328829359555,
      0.030374250874256527,
      5.593125966272605e-05,
      -4.800625649211208e-05,
      -9.953966313882158e-08,
      2.781288862880898e-08,
      3.310817547859367e-11,
      -5.349865408359655e-12
    ],
    [
      1.267183270475779e+53,
      1.267183270475779e+53
    ]
  ],
  [
    [
      -9.571128736063784,
      6.680650173449878,
      -4.955862930544399,
      0.05924328829359555,
      0.030358947838295538,
      5.593125966272605e-05,
      -4.800625649211208e-05,
      -9.951559187254735e-08,
      2.781288862880898e-08,
      3.306131708281065e-11,
      -5.355409624131495e-12
    ],
    [
      1.2671832631517491e+53,
      1.2671832631517491e+53
    ]
  ],
  [
    [
      -9.571128736063784,
      6.680650173449878,
      -4.955862930544399,
      0.059249034750363735,
      0.030374250874256527,
      5.591043670293229e-05,
      -4.8066066946862276e-05,
      -9.951559187254735e-08,
      2.781288862880898e-08,
      3.310817547859367e-11,
      -5.349865408359655e-12
    ],
    [
      1.2671832758416704e+53,
      1.2671832758416704e+53
    ]
  ],
  [
    [
      -9.571128736063784,
      6.680650173449878,
      -4.955862930544399,
      0.059249034750363735,
      0.030374250874256527,
      5.591043670293229e-05,
      -4.800625649211208e-05,
      -9.951559187254735e-08,
      2.781288862880898e-08,
      3.3140372676953456e-11,
      -5.349865408359655e-12
    ],
    [
      1.267183275841625e+53,
      1.267183275841625e+53
    ]
  ],
  [
    [
      -9.571128736063784,
      6.680650173449878,
      -4.955862930544399,
      0.059249034750363735,
      0.030374250874256527,
      5.60014575113427e-05,
      -4.800625649211208e-05,
      -9.951559187254735e-08,
      2.781288862880898e-08,
      3.310817547859367e-11,
      -5.349865408359655e-12
    ],
    [
      1.267183275841545e+53,
      1.267183275841545e+53
    ]
  ],
  [
    [
      -9.571128736063784,
      6.680650173449878,
      -4.955862930544399,
      0.059249034750363735,
      0.030374250874256527,
      5.591043670293229e-05,
      -4.800625649211208e-05,
      -9.951559187254735e-08,
      2.781288862880898e-08,
      3.310817547859367e-11,
      -5.349865408359655e-12
    ],
    [
      1.267183275841625e+53,
      1.267183275841625e+53
    ]
  ],
  [
    [
      -9.571128736063784,
      6.680650173449878,
      -4.955862930544399,
      0.05924328829359555,
      0.03038935062042774,
      5.593125966272605e-05,
      -4.800625649211208e-05,
      -9.951559187254735e-08,
      2.781288862880898e-08,
      3.310817547859367e-11,
      -5.3504390054328595e-12
    ],
    [
      1.2671832777061321e+53,
      1.2671832777061321e+53
    ]
  ],
  [
    [
      -9.571128736063784,
      6.680650173449878,
      -4.955862930544399,
      0.05927693548948333,
      0.030374250874256527,
      5.591043670293229e-05,
      -4.800625649211208e-05,
      -9.951559187254735e-08,
      2.7778615879687195e-08,
      3.310817547859367e-11,
      -5.349865408359655e-12
    ],
    [
      1.2671833019016954e+53,
      1.2671833019016954e+53
    ]
  ],
  [
    [
      -9.571128736063784,
      6.682914956442404,
      -4.955862930544399,
      0.05928163553794297,
      0.030374250874256527,
      5.598551527797109e-05,
      -4.800625649211208e-05,
      -9.951559187254735e-08,
      2.781288862880898e-08,
      3.310382595038441e-11,
      -5.349865408359655e-12
    ],
    [
      1.2674218100851756e+53,
      1.2674218100851756e+53
    ]
  ],
  [
    [
      -9.571128736063784,
      6.680650173449878,
      -4.955862930544399,
      0.05928163553794297,
      0.030374250874256527,
      5.593125966272605e-05,
      -4.800625649211208e-05,
      -9.951559187254735e-08,
      2.780835919451217e-08,
      3.310817547859367e-11,
      -5.349865408359655e-12
    ],
    [
      1.2671833062928614e+53,
      1.2671833062928614e+53
    ]
  ],
  [
    [
      -9.571128736063784,
      6.680650173449878,
      -4.955862930544399,
      0.05928163553794297,
      0.030374250874256527,
      5.593125966272605e-05,
      -4.798654575093606e-05,
      -9.951559187254735e-08,
      2.7846630336019878e-08,
      3.310817547859367e-11,
      -5.3534250529399365e-12
    ],
    [
      1.2671833062928465e+53,
      1.2671833062928465e+53
    ]
  ],
  [
    [
      -9.572181685340222,
      6.680650173449878,
      -4.955862930544399,
      0.05928163553794297,
      0.030374250874256527,
      5.593125966272605e-05,
      -4.800625649211208e-05,
      -9.951559187254735e-08,
      2.781288862880898e-08,
      3.310817547859367e-11,
      -5.349865408359655e-12
    ],
    [
      1.2673421503062883e+53,
      1.2673421503062883e+53
    ]
  ],
  [
    [
      -9.571128736063784,
      6.680650173449878,
      -4.955862930544399,
      0.05928163553794297,
      0.030374250874256527,
      5.593125966272605e-05,
      -4.800625649211208e-05,
      -9.959986476096311e-08,
      2.781288862880898e-08,
      3.310817547859367e-11,
      -5.349865408359655e-12
    ],
    [
      1.2671833062928614e+53,
      1.2671833062928614e+53
    ]
  ],
  [
    [
      -9.571128736063784,
      6.680650173449878,
      -4.955862930544399,
      0.05928163553794297,
      0.030374250874256527,
      5.593125966272605e-05,
      -4.800625649211208e-05,
      -9.951559187254735e-08,
      2.781288862880898e-08,
      3.310817547859367e-11,
      -5.349865408359655e-12
    ],
    [
      1.2671833062928614e+53,
      1.2671833062928614e+53
    ]
  ],
  [
    [
      -9.571128736063784,
      6.680650173449878,
      -4.955862930544399,
      0.05928163553794297,
      0.030374250874256527,
      5.591043670293229e-05,
      -4.7984196484162037e-05,
      -9.951559187254735e-08,
      2.781288862880898e-08,
      3.308485237812215e-11,
      -5.349865408359655e-12
    ],
    [
      1.267183306292863e+53,
      1.267183306292863e+53
    ]
  ],
  [
    [
      -9.571128736063784,
      6.680650173449878,
      -4.955862930544399,
      0.05928163553794297,
      0.030374250874256527,
      5.591043670293229e-05,
      -4.800625649211208e-05,
      -9.972190958314338e-08,
      2.781288862880898e-08,
      3.310817547859367e-11,
      -5.349865408359655e-12
    ],
    [
      1.2671833062928797e+53,
      1.2671833062928797e+53
    ]
  ],
  [
    [
      -9.571128736063784,
      6.680650173449878,
      -4.955862930544399,
      0.05928163553794297,
      0.030374250874256527,
      5.591043670293229e-05,
      -4.800625649211208e-05,
      -9.951559187254735e-08,
      2.7796351130446008e-08,
      3.310817547859367e-11,
      -5.349865408359655e-12
    ],
    [
      1.2671833062928797e+53,
      1.2671833062928797e+53
    ]
  ]
]