[
  [
    [
      -9.732823653917643,
      -1.768443135862682,
      -5.853292274526514,
      0.061296903606415425,
      0.038125914277766536,
      9.001052501736014e-05,
      -6.048471019334063e-05,
      -1.1690661879776077e-07,
      3.477769440982139e-08,
      3.374094488710109e-11,
      -6.632668456146716e-12
    ],
    [
      639430.6462156895,
      670357.6850798082
    ]
  ],
  [
    [
      -9.571128736063784,
      -1.8896222233371103,
      -5.853292274526514,
      0.061296903606415425,
      0.038125914277766536,
      9.001052501736014e-05,
      -6.048471019334063e-05,
      -1.1690661879776077e-07,
      3.477769440982139e-08,
      3.374094488710109e-11,
      -6.632668456146716e-12
    ],
    [
      640026.712555442,
      670546.3834663101
    ]
  ],
  [
    [
      -9.547100481251407,
      -1.8896222233371103,
      -5.853292274526514,
      0.061296903606415425,
      0.038125914277766536,
      9.001052501736014e-05,
      -6.048471019334063e-05,
      -1.1690661879776077e-07,
      3.477769440982139e-08,
      3.374094488710109e-11,
      -6.632668456146716e-12
    ],
    [
      640026.455288336,
      670558.9170564337
    ]
  ],
  [
    [
      -9.439247446234244,
      -2.152385745132847,
      -5.86971499576378,
      0.06136521719570266,
      0.038125914277766536,
      9.036125907659508e-05,
      -6.048471019334063e-05,
      -1.1690661879776077e-07,
      3.477769440982139e-08,
      3.374094488710109e-11,
      -6.632668456146716e-12
    ],
    [
      611924.9845307502,
      699152.7640356754
    ]
  ],
  [
    [
      -9.439247446234244,
      -2.152385745132847,
      -5.86971499576378,
      0.06136521719570266,
      0.038125914277766536,
      9.036125907659508e-05,
      -6.048471019334063e-05,
      -1.1690661879776077e-07,
      3.477769440982139e-08,
      3.374094488710109e-11,
      -6.632668456146716e-12
    ],
    [
      611924.9845307502,
      699152.7640356754
    ]
  ],
  [
    [
      -9.439247446234244,
      -2.185909577077915,
      -5.864269606694461,
      0.06136521719570266,
      0.038125914277766536,
      9.001052501736014e-05,
      -6.048471019334063e-05,
      -1.1690661879776077e-07,
      3.477769440982139e-08,
      3.374094488710109e-11,
      -6.632668456146716e-12
    ],
    [
      635946.8027476715,
      675159.3869004718
    ]
  ],
  [
    [
      -9.439247446234244,
      -2.185909577077915,
      -5.864269606694461,
      0.06136521719570266,
      0.038125914277766536,
      9.001052501736014e-05,
      -6.048471019334063e-05,
      -1.1690661879776077e-07,
      3.477769440982139e-08,
      3.374094488710109e-11,
      -6.632668456146716e-12
    ],
    [
      635946.8027476715,
      675159.3869004718
    ]
  ],
  [
    [
      -9.439247446234244,
      -2.185909577077915,
      -5.861853631481936,
      0.06136521719570266,
      0.038125914277766536,
      9.001052501736014e-05,
      -6.048471019334063e-05,
      -1.1690661879776077e-07,
      3.477769440982139e-08,
      3.374094488710109e-11,
      -6.632668456146716e-12
    ],
    [
      636798.7794364621,
      674493.9742810669
    ]
  ],
  [
    [
      -9.439247446234244,
      -2.185909577077915,
      -5.861853631481936,
      0.06136521719570266,
      0.038125914277766536,
      9.001052501736014e-05,
      -6.048471019334063e-05,
      -1.1690661879776077e-07,
      3.477769440982139e-08,
      3.374094488710109e-11,
      -6.632668456146716e-12
    ],
    [
      636798.7794364621,
      674493.9742810669
    ]
  ],
  [
    [
      -9.571128736063784,
      -2.061288321409031,
      -5.853292274526514,
      0.061296903606415425,
      0.038125914277766536,
      9.001052501736014e-05,
      -6.048471019334063e-05,
      -1.1690661879776077e-07,
      3.477769440982139e-08,
      3.374094488710109e-11,
      -6.632668456146716e-12
    ],
    [
      640919.2373405598,
      670754.3979641827
    ]
  ],
  [
    [
      -9.571128736063784,
      -2.061288321409031,
      -5.853292274526514,
      0.056864556572643034,
      0.038125914277766536,
      9.001052501736014e-05,
      -6.048471019334063e-05,
      -1.0767901106923487e-07,
      3.4957363046432017e-08,
      3.374094488710109e-11,
      -6.632668456146716e-12
    ],
    [
      9698162.793875217,
      12706347.974709254
    ]
  ],
  [
    [
      -10.0,
      -2.061288321409031,
      -5.493546268149156,
      0.061296903606415425,
      -0.038105434362287215,
      9.001052501736014e-05,
      -6.048471019334063e-05,
      -1.1690661879776077e-07,
      3.477769440982139e-08,
      3.374094488710109e-11,
      -6.632668456146716e-12
    ],
    [
      35100576644.968544,
      48062626235.089806
    ]
  ],
  [
    [
      -9.439247446234244,
      -2.0300465028625925,
      -5.735131351428429,
      0.05705084364535442,
      0.038125914277766536,
      9.33762450083846e-05,
      -6.048471019334063e-05,
      -1.1690661879776077e-07,
      3.477769440982139e-08,
      3.374094488710109e-11,
      -6.632668456146716e-12
    ],
    [
      612724.9396651878,
      837990.9109865862
    ]
  ],
  [
    [
      -8.881726657753486,
      -1.768443135862682,
      -5.853292274526514,
      0.06542972698859205,
      0.038125914277766536,
      9.001052501736014e-05,
      -6.048471019334063e-05,
      -1.1690661879776077e-07,
      3.477769440982139e-08,
      3.374094488710109e-11,
      -6.632668456146716e-12
    ],
    [
      596608.14530355,
      825633.1312103483
    ]
  ],
  [
    [
      -9.547100481251407,
      -1.8896222233371103,
      -5.853292274526514,
      0.061296903606415425,
      0.038125914277766536,
      9.001052501736014e-05,
      -5.5219637047349044e-05,
      -1.1239595165604867e-07,
      3.477769440982139e-08,
      -0.800649925832027,
      -6.645283985548169e-12
    ],
    [
      1.677471766675033e+29,
      2.309260703374382e+29
    ]
  ],
  [
    [
      -9.955208769454599,
      -1.8896222233371103,
      -5.363764485309431,
      0.05542519048006498,
      0.04125693172422625,
      9.001052501736014e-05,
      -6.048471019334063e-05,
      -1.1690661879776077e-07,
      3.477769440982139e-08,
      3.374094488710109e-11,
      -6.632668456146716e-12
    ],
    [
      73344984.8256244,
      88882570.68805781
    ]
  ],
  [
    [
      -9.129112325516505,
      -2.152385745132847,
      -5.86971499576378,
      0.06136521719570266,
      0.038125914277766536,
      9.036125907659508e-05,
      -6.048471019334063e-05,
      -1.1805613561833965e-07,
      3.477769440982139e-08,
      3.374094488710109e-11,
      -6.632668456146716e-12
    ],
    [
      855818.6599476043,
      601889.9644100564
    ]
  ],
  [
    [
      -9.439247446234244,
      -1.8896222233371103,
      -5.853292274526514,
      0.061296903606415425,
      0.038125914277766536,
      9.70269331083612e-05,
      -6.048471019334063e-05,
      -1.1690661879776077e-07,
      3.477769440982139e-08,
      3.374094488710109e-11,
      -0.6155426471763231
    ],
    [
      2.146424744796084e+32,
      2.9702775962832033e+32
    ]
  ],
  [
    [
      -9.571128736063784,
      -1.8896222233371103,
      -6.526821011424747,
      0.06018109712703988,
      0.038125914277766536,
      9.734101626663001e-05,
      -6.048471019334063e-05,
      -1.1690661879776077e-07,
      3.477769440982139e-08,
      3.06404959844425e-11,
      -6.632668456146716e-12
    ],
    [
      2798013.152335342,
      2216206.423914292
    ]
  ],
  [
    [
      -9.439247446234244,
      -2.288169453320502,
      -5.853292274526514,
      0.061296903606415425,
      0.038125914277766536,
      8.981149148774957e-05,
      -6.048471019334063e-05,
      -1.1242666959363667e-07,
      3.477769440982139e-08,
      3.6270971202519566e-11,
      -6.632668456146716e-12
    ],
    [
      4371111.841380483,
      9716057.626802813
    ]
  ],
  [
    [
      -9.439247446234244,
      -2.152385745132847,
      -5.86971499576378,
      0.06136521719570266,
      0.038125914277766536,
      9.770085718092002e-05,
      -6.048471019334063e-05,
      -1.0636269553373254e-07,
      3.342953467663013e-08,
      3.374094488710109e-11,
      -6.632668456146716e-12
    ],
    [
      202962626.55549482,
      311372008.0447254
    ]
  ],
  [
    [
      -9.439247446234244,
      -2.3597337242475853,
      -5.663195908937731,
      0.06136521719570266,
      0.038125914277766536,
      9.001052501736014e-05,
      -6.048471019334063e-05,
      -1.1690661879776077e-07,
      3.477769440982139e-08,
      3.374094488710109e-11,
      -6.632668456146716e-12
    ],
    [
      770532.4644319925,
      701565.758283884
    ]
  ],
  [
    [
      -9.439247446234244,
      -2.185909577077915,
      -5.864269606694461,
      0.06136521719570266,
      0.038125914277766536,
      9.001052501736014e-05,
      -6.048471019334063e-05,
      -1.1690661879776077e-07,
      3.477769440982139e-08,
      3.374094488710109e-11,
      -6.632668456146716e-12
    ],
    [
      635946.8027476715,
      675159.3869004718
    ]
  ],
  [
    [
      -9.439247446234244,
      -2.185909577077915,
      -5.861853631481936,
      0.06379509473223115,
      0.038125914277766536,
      9.001052501736014e-05,
      -6.048471019334063e-05,
      -1.1450011643009174e-07,
      3.5148942363942126e-08,
      3.1614452506028256e-11,
      -6.874516640435341e-12
    ],
    [
      3437205.618740077,
      5179703.863842947
    ]
  ],
  [
    [
      -10.0,
      -2.185909577077915,
      -5.864269606694461,
      0.06136521719570266,
      0.038125914277766536,
      9.001052501736014e-05,
      -6.467365266477095e-05,
      -1.1690661879776077e-07,
      3.477769440982139e-08,
      3.306803636079807e-11,
      -6.043415718838883e-12
    ],
    [
      62543949.00247456,
      95600667.00013368
    ]
  ],
  [
    [
      -9.439247446234244,
      -2.152385745132847,
      -5.520063048083965,
      0.06136521719570266,
      0.038125914277766536,
      9.036125907659508e-05,
      -5.601011186003024e-05,
      -1.1690661879776077e-07,
      3.477769440982139e-08,
      3.296271176986406e-11,
      -6.632668456146716e-12
    ],
    [
      559548978.2597843,
      741154072.1741914
    ]
  ],
  [
    [
      -9.571128736063784,
      -1.8768595828881138,
      -5.490480982827873,
      0.061296903606415425,
      0.038125914277766536,
      9.001052501736014e-05,
      -6.048471019334063e-05,
      -1.1690661879776077e-07,
      3.477769440982139e-08,
      3.374094488710109e-11,
      -7.240630832938005e-12
    ],
    [
      190322792.88757157,
      281936864.93492544
    ]
  ],
  [
    [
      -9.298372003962324,
      -2.061288321409031,
      -6.257607093310639,
      0.061296903606415425,
      0.03948601377386635,
      9.001052501736014e-05,
      -6.048471019334063e-05,
      -1.1690661879776077e-07,
      3.477769440982139e-08,
      3.374094488710109e-11,
      -6.632668456146716e-12
    ],
    [
      10141549.853899753,
      10532326.434629705
    ]
  ],
  [
    [
      -9.439247446234244,
      -2.152385745132847,
      -5.86971499576378,
      0.06136521719570266,
      0.038125914277766536,
      9.036125907659508e-05,
      -6.048471019334063e-05,
      -1.1690661879776077e-07,
      3.477769440982139e-08,
      3.374094488710109e-11,
      -6.632668456146716e-12
    ],
    [
      611924.9845307502,
      699152.7640356754
    ]
  ],
  [
    [
      -9.439247446234244,
      -2.2598294953984515,
      -6.321002632907735,
      0.06390428481889744,
      0.038125914277766536,
      9.001052501736014e-05,
      -6.048471019334063e-05,
      -1.1553866288325883e-07,
      3.149368531771094e-08,
      3.374094488710109e-11,
      -6.632668456146716e-12
    ],
    [
      1321745705.2831826,
      1862400599.8561585
    ]
  ],
  [
    [
      -9.85189966914271,
      -1.8896222233371103,
      -6.526821011424747,
      0.06018109712703988,
      0.038125914277766536,
      9.734101626663001e-05,
      -6.048471019334063e-05,
      -1.1690661879776077e-07,
      3.7906903519056736e-08,
      3.0848423577452313e-11,
      -7.14802460408044e-12
    ],
    [
      466234866.7515453,
      622131504.6949636
    ]
  ],
  [
    [
      -9.439247446234244,
      -2.185909577077915,
      -5.955242088271564,
      0.05971882711638009,
      0.038125914277766536,
      9.001052501736014e-05,
      -5.525950914429919e-05,
      -1.1690661879776077e-07,
      3.477769440982139e-08,
      3.374094488710109e-11,
      -6.632668456146716e-12
    ],
    [
      732497091.491051,
      971279104.8481739
    ]
  ],
  [
    [
      -9.571128736063784,
      -1.931852858118287,
      -6.526821011424747,
      0.06018109712703988,
      0.03620452129162348,
      9.734101626663001e-05,
      -6.432767274597886e-05,
      -1.1690661879776077e-07,
      3.477769440982139e-08,
      3.374094488710109e-11,
      -7.235256363170776e-12
    ],
    [
      1531078727.8022423,
      2148067499.717185
    ]
  ],
  [
    [
      -9.057986675930893,
      -2.185909577077915,
      -5.445195143205394,
      0.06136521719570266,
      0.038125914277766536,
      9.001052501736014e-05,
      -6.048471019334063e-05,
      -0.5497698685101241,
      3.477769440982139e-08,
      3.06404959844425e-11,
      -6.632668456146716e-12
    ],
    [
      1.7094167272094911e+22,
      2.3444765449064852e+22
    ]
  ],
  [
    [
      -9.439247446234244,
      -2.185909577077915,
      -5.864269606694461,
      0.06136521719570266,
      0.038125914277766536,
      8.875593834713689e-05,
      -6.048471019334063e-05,
      -1.1690661879776077e-07,
      3.477769440982139e-08,
      3.649351250610926e-11,
      -6.632668456146716e-12
    ],
    [
      1268786.5915846452,
      3813809.177908468
    ]
  ],
  [
    [
      -9.702176165814834,
      -2.4274494586562687,
      -5.663195908937731,
      0.05769176114657998,
      0.038125914277766536,
      8.418022649609342e-05,
      -6.048471019334063e-05,
      -1.1690661879776077e-07,
      3.477769440982139e-08,
      3.374094488710109e-11,
      -6.068825624729579e-12
    ],
    [
      191065680.37828287,
      247248030.46717986
    ]
  ],
  [
    [
      -9.439247446234244,
      -2.152385745132847,
      -6.439522698543708,
      0.06136521719570266,
      0.038125914277766536,
      9.036125907659508e-05,
      -5.65384965857305e-05,
      -1.1690661879776077e-07,
      3.471389849880025e-08,
      3.374094488710109e-11,
      -6.340554825736158e-12
    ],
    [
      682904423.0230683,
      905742959.2132235
    ]
  ],
  [
    [
      -9.439247446234244,
      -2.152385745132847,
      -5.86971499576378,
      0.06699574973605886,
      0.038125914277766536,
      9.036125907659508e-05,
      -6.048471019334063e-05,
      -1.1690661879776077e-07,
      3.477769440982139e-08,
      3.06686087263771e-11,
      -6.474952153442579e-12
    ],
    [
      16937118.28913209,
      19676397.848285086
    ]
  ],
  [
    [
      -9.377208874946794,
      -1.768443135862682,
      -5.853292274526514,
      0.06136521719570266,
      0.038125914277766536,
      9.036125907659508e-05,
      -6.048471019334063e-05,
      -1.1690661879776077e-07,
      3.477769440982139e-08,
      3.374094488710109e-11,
      -6.632668456146716e-12
    ],
    [
      616805.5696035515,
      696302.481765168
    ]
  ],
  [
    [
      -9.439247446234244,
      -2.152385745132847,
      -5.86971499576378,
      0.06812952233332104,
      0.038125914277766536,
      9.001052501736014e-05,
      -6.048471019334063e-05,
      -1.1690661879776077e-07,
      3.477769440982139e-08,
      3.374094488710109e-11,
      -6.632668456146716e-12
    ],
    [
      612030.533234314,
      986934.070161568
    ]
  ],
  [
    [
      -9.439247446234244,
      -2.152385745132847,
      -5.86971499576378,
      0.06136521719570266,
      0.038125914277766536,
      9.036125907659508e-05,
      -6.048471019334063e-05,
      -1.1690661879776077e-07,
      3.477769440982139e-08,
      3.374094488710109e-11,
      -6.632668456146716e-12
    ],
    [
      611924.9845307502,
      699152.7640356754
    ]
  ],
  [
    [
      -9.439247446234244,
      -2.0300465028625925,
      -5.735131351428429,
      0.05705084364535442,
      0.038125914277766536,
      9.339328574166245e-05,
      -6.048471019334063e-05,
      -1.1690661879776077e-07,
      3.477769440982139e-08,
      3.374094488710109e-11,
      -6.632668456146716e-12
    ],
    [
      612189.8977345049,
      840066.1015051526
    ]
  ],
  [
    [
      -9.531035469488593,
      -2.2835982400336032,
      -5.864269606694461,
      0.06136521719570266,
      -0.8653939206588592,
      9.036125907659508e-05,
      -6.350877948757429e-05,
      -1.1805613561833965e-07,
      3.477769440982139e-08,
      3.374094488710109e-11,
      -6.632668456146716e-12
    ],
    [
      5033814901528.623,
      6867541808263.091
    ]
  ],
  [
    [
      -9.129112325516505,
      -2.152385745132847,
      -5.86971499576378,
      0.055693402993554506,
      0.038125914277766536,
      9.212485998080693e-05,
      -6.048471019334063e-05,
      -1.2054569208716064e-07,
      3.477769440982139e-08,
      3.201975275295859e-11,
      -6.632668456146716e-12
    ],
    [
      5164621.07924239,
      4025805.793945062
    ]
  ],
  [
    [
      -9.439247446234244,
      -2.1331668537697763,
      -5.853292274526514,
      0.06542972698859205,
      0.038125914277766536,
      9.218183004577605e-05,
      -6.644414304830706e-05,
      -1.1690661879776077e-07,
      3.477769440982139e-08,
      3.2403803201546554e-11,
      -6.632668456146716e-12
    ],
    [
      933019840.8323313,
      1305423825.6148415
    ]
  ],
  [
    [
      -8.881726657753486,
      -1.768443135862682,
      -5.663195908937731,
      0.058337257974745,
      0.035000889346557595,
      9.001052501736014e-05,
      -6.048471019334063e-05,
      -1.1690661879776077e-07,
      3.477769440982139e-08,
      3.374094488710109e-11,
      -6.632668456146716e-12
    ],
    [
      53477085.522861436,
      81302609.62135908
    ]
  ],
  [
    [
      -9.001464816205484,
      -2.152385745132847,
      -5.86971499576378,
      0.06542972698859205,
      0.038125914277766536,
      9.443067006224495e-05,
      -5.86068330839011e-05,
      -1.1690661879776077e-07,
      3.477769440982139e-08,
      3.374094488710109e-11,
      -6.632668456146716e-12
    ],
    [
      100906032.31203079,
      129758480.79350479
    ]
  ],
  [
    [
      -8.881726657753486,
      -1.9203625505386273,
      -5.853292274526514,
      0.06136521719570266,
      0.038125914277766536,
      9.036125907659508e-05,
      -6.082769810668698e-05,
      -1.274179321876175e-07,
      3.477769440982139e-08,
      3.374094488710109e-11,
      -6.632668456146716e-12
    ],
    [
      12141877.857837826,
      14559359.714621296
    ]
  ],
  [
    [
      -9.439247446234244,
      -2.188854851073737,
      -5.663195908937731,
      0.06136521719570266,
      0.03724178581919948,
      9.598094505464023e-05,
      -6.048471019334063e-05,
      -1.1690661879776077e-07,
      3.477769440982139e-08,
      3.4245739658768237e-11,
      -6.632668456146716e-12
    ],
    [
      3333713.9866444403,
      7214983.906266819
    ]
  ],
  [
    [
      -9.439247446234244,
      -2.185909577077915,
      -4.4307492857260895,
      0.06136521719570266,
      0.038125914277766536,
      9.217013138777661e-05,
      -6.048471019334063e-05,
      -1.1690661879776077e-07,
      3.477769440982139e-08,
      3.374094488710109e-11,
      -6.632668456146716e-12
    ],
    [
      4325337.443966177,
      5146679.025996667
    ]
  ],
  [
    [
      -9.439247446234244,
      -2.152385745132847,
      -5.637880701733425,
      0.06812952233332104,
      0.038125914277766536,
      9.001052501736014e-05,
      -6.048471019334063e-05,
      -1.08690412889392e-07,
      3.477769440982139e-08,
      3.374094488710109e-11,
      -7.173173090620257e-12
    ],
    [
      143927128.5628531,
      230867445.66128403
    ]
  ],
  [
    [
      -9.977209724288619,
      -2.152385745132847,
      -5.86971499576378,
      0.06812952233332104,
      0.038125914277766536,
      9.695692643512231e-05,
      -6.048471019334063e-05,
      -1.1690661879776077e-07,
      3.508812854419721e-08,
      3.374094488710109e-11,
      -6.632668456146716e-12
    ],
    [
      16093122.935693273,
      19200448.538339607
    ]
  ],
  [
    [
      -9.439247446234244,
      -2.2857921534225345,
      -5.736640160726482,
      0.06134038563689338,
      0.038125914277766536,
      9.001052501736014e-05,
      -6.226157463980828e-05,
      -1.1830175644926772e-07,
      3.477769440982139e-08,
      3.256249490106543e-11,
      -6.632668456146716e-12
    ],
    [
      82165731.5375176,
      120417505.09796557
    ]
  ],
  [
    [
      -9.439247446234244,
      -2.0300465028625925,
      -5.735131351428429,
      0.05705084364535442,
      0.038125914277766536,
      9.339328574166245e-05,
      -6.048471019334063e-05,
      -1.1246644888624248e-07,
      3.477769440982139e-08,
      3.374094488710109e-11,
      -6.632668456146716e-12
    ],
    [
      1349704.3214250065,
      3604364.448711758
    ]
  ],
  [
    [
      -9.439247446234244,
      -2.1165376678668095,
      -5.735131351428429,
      0.05705084364535442,
      0.038125914277766536,
      9.339328574166245e-05,
      -6.048471019334063e-05,
      -1.1690661879776077e-07,
      3.477769440982139e-08,
      3.374094488710109e-11,
      -6.7622540125632766e-12
    ],
    [
      7316027.404081436,
      14432343.604230087
    ]
  ],
  [
    [
      -10.0,
      -2.152385745132847,
      -6.199835896853445,
      0.06812952233332104,
      0.038125914277766536,
      9.001052501736014e-05,
      -6.048471019334063e-05,
      -1.1793918334157876e-07,
      3.614709624517541e-08,
      3.374094488710109e-11,
      -6.632668456146716e-12
    ],
    [
      224799143.87004605,
      291552361.46447825
    ]
  ],
  [
    [
      -9.439247446234244,
      -2.152385745132847,
      -5.86971499576378,
      0.06136521719570266,
      0.03700526531501499,
      9.036125907659508e-05,
      -6.498508520169115e-05,
      -1.1690661879776077e-07,
      3.153004566343383e-08,
      3.374094488710109e-11,
      -6.632668456146716e-12
    ],
    [
      3768114480.108239,
      5244849271.870489
    ]
  ],
  [
    [
      -9.377208874946794,
      -1.8337182399371181,
      -5.853292274526514,
      0.06632927806188496,
      0.04150966333505985,
      9.036125907659508e-05,
      -6.446087485115479e-05,
      -1.2403936090066718e-07,
      3.477769440982139e-08,
      3.2860496511136665e-11,
      -6.4444357556940536e-12
    ],
    [
      67577858.81429455,
      96900756.8599551
    ]
  ],
  [
    [
      -9.439247446234244,
      -2.152385745132847,
      -5.86971499576378,
      0.06136521719570266,
      0.038125914277766536,
      9.339328574166245e-05,
      -6.048471019334063e-05,
      -1.1690661879776077e-07,
      3.477769440982139e-08,
      3.374094488710109e-11,
      -7.123402559074752e-12
    ],
    [
      128923295.3554466,
      195062937.74074095
    ]
  ],
  [
    [
      -9.439247446234244,
      -2.0300465028625925,
      -5.735131351428429,
      0.05705084364535442,
      0.038125914277766536,
      9.60359095204616e-05,
      -6.048471019334063e-05,
      -1.1690661879776077e-07,
      3.477769440982139e-08,
      3.1933496172795434e-11,
      -7.286039182238335e-12
    ],
    [
      234056888.80119032,
      336223766.18015313
    ]
  ],
  [
    [
      -9.066179074548335,
      -2.0300465028625925,
      -5.886095491113886,
      0.05705084364535442,
      0.038125914277766536,
      9.036125907659508e-05,
      -6.048471019334063e-05,
      -1.1690661879776077e-07,
      3.791855488424748e-08,
      3.374094488710109e-11,
      -6.632668456146716e-12
    ],
    [
      1212563586.5686727,
      1618546667.4690773
    ]
  ],
  [
    [
      -9.377208874946794,
      -1.768443135862682,
      -5.326779126639843,
      0.06136521719570266,
      0.038125914277766536,
      9.367393234739037e-05,
      -6.037685578276088e-05,
      -1.1119502177029361e-07,
      3.477769440982139e-08,
      3.611641454485162e-11,
      -6.632668456146716e-12
    ],
    [
      10445953.66930176,
      18578091.425993968
    ]
  ],
  [
    [
      -8.8945726344549,
      -2.0300465028625925,
      -5.735131351428429,
      0.05705084364535442,
      0.038125914277766536,
      9.598094505464023e-05,
      -6.048471019334063e-05,
      -1.1690661879776077e-07,
      3.452148997558899e-08,
      3.4245739658768237e-11,
      -6.79938145426744e-12
    ],
    [
      39084445.066837646,
      65307901.3534055
    ]
  ],
  [
    [
      -9.037533537231946,
      -2.188854851073737,
      -5.422858784067783,
      0.06136521719570266,
      0.03558992246514637,
      9.339328574166245e-05,
      -6.048471019334063e-05,
      -1.1690661879776077e-07,
      3.7339410776514516e-08,
      3.374094488710109e-11,
      -6.632668456146716e-12
    ],
    [
      528817049.5868622,
      695535951.6236364
    ]
  ],
  [
    [
      -9.469987791501643,
      -2.152385745132847,
      -5.86971499576378,
      0.06136521719570266,
      0.03908431581304506,
      9.036125907659508e-05,
      -6.048471019334063e-05,
      -1.1690661879776077e-07,
      3.477769440982139e-08,
      3.374094488710109e-11,
      -7.047087505107386e-12
    ],
    [
      54054577.31568756,
      85699599.26024067
    ]
  ],
  [
    [
      -8.942468891172174,
      -2.0300465028625925,
      -5.735131351428429,
      0.05919096789055661,
      0.038125914277766536,
      9.339328574166245e-05,
      -6.048471019334063e-05,
      -1.1690661879776077e-07,
      3.477769440982139e-08,
      3.2724344730533584e-11,
      -6.632668456146716e-12
    ],
    [
      974013.6029911864,
      545298.7744781363
    ]
  ],
  [
    [
      -9.877686350506107,
      -1.768443135862682,
      -5.853292274526514,
      0.06136521719570266,
      0.038125914277766536,
      8.778361882076784e-05,
      -5.9587077417576605e-05,
      -1.1690661879776077e-07,
      3.602338102227736e-08,
      3.374094488710109e-11,
      -6.632668456146716e-12
    ],
    [
      345474577.16156554,
      450505651.2902427
    ]
  ],
  [
    [
      -9.520499167631062,
      -1.768443135862682,
      -5.987412658586639,
      0.06136521719570266,
      0.038125914277766536,
      9.036125907659508e-05,
      -5.622132568957084e-05,
      -1.1645207314949416e-07,
      3.1325714227182317e-08,
      3.374094488710109e-11,
      -6.632668456146716e-12
    ],
    [
      258137773.29567823,
      379083458.4387642
    ]
  ],
  [
    [
      -10.0,
      -2.152385745132847,
      -5.86971499576378,
      0.06812952233332104,
      0.038125914277766536,
      9.001052501736014e-05,
      -6.048471019334063e-05,
      -1.1690661879776077e-07,
      3.2412989568854086e-08,
      3.374094488710109e-11,
      -6.632668456146716e-12
    ],
    [
      662886481.6017852,
      940874621.6790806
    ]
  ],
  [
    [
      -9.377208874946794,
      -1.768443135862682,
      -5.853292274526514,
      0.06136521719570266,
      0.038125914277766536,
      9.036125907659508e-05,
      -6.048471019334063e-05,
      -1.20901398214552e-07,
      3.477769440982139e-08,
      3.374094488710109e-11,
      -6.632668456146716e-12
    ],
    [
      2084531.339055096,
      1199263.927729633
    ]
  ],
  [
    [
      -8.942468891172174,
      -2.0300465028625925,
      -5.853292274526514,
      0.055706996425571975,
      0.04130369277282289,
      8.597486449074275e-05,
      -6.048471019334063e-05,
      -1.20901398214552e-07,
      3.477769440982139e-08,
      3.374094488710109e-11,
      -6.632668456146716e-12
    ],
    [
      66135730.289213166,
      74075132.4886594
    ]
  ],
  [
    [
      -9.377208874946794,
      -1.768443135862682,
      -5.735131351428429,
      0.05919096789055661,
      0.038125914277766536,
      9.339328574166245e-05,
      -6.048471019334063e-05,
      -1.244593510378228e-07,
      3.477769440982139e-08,
      3.2724344730533584e-11,
      -6.632668456146716e-12
    ],
    [
      6269604.689718469,
      4832089.017494813
    ]
  ],
  [
    [
      -8.942468891172174,
      -2.064808316363751,
      -5.735131351428429,
      0.05919096789055661,
      0.038125914277766536,
      8.6668831401637e-05,
      -6.048471019334063e-05,
      -1.20901398214552e-07,
      3.477769440982139e-08,
      3.2042271187776506e-11,
      -6.708872460169932e-12
    ],
    [
      11152830.247213285,
      11667593.36164305
    ]
  ],
  [
    [
      -10.0,
      -1.768443135862682,
      -5.853292274526514,
      0.06136521719570266,
      0.038125914277766536,
      9.339328574166245e-05,
      -5.617277654402106e-05,
      -1.1690661879776077e-07,
      3.477769440982139e-08,
      3.2724344730533584e-11,
      -6.841774226056766e-12
    ],
    [
      307434328.17987406,
      404863200.12055856
    ]
  ],
  [
    [
      -9.377208874946794,
      -1.883209394957533,
      -5.853292274526514,
      0.06136521719570266,
      0.038125914277766536,
      9.036125907659508e-05,
      -5.7603694440485785e-05,
      -1.20901398214552e-07,
      3.477769440982139e-08,
      3.374094488710109e-11,
      -6.632668456146716e-12
    ],
    [
      225284735.28332162,
      290047410.4744767
    ]
  ],
  [
    [
      -9.439247446234244,
      -2.0300465028625925,
      -5.735131351428429,
      0.05705084364535442,
      0.036217322185233256,
      9.339328574166245e-05,
      -6.048471019334063e-05,
      -1.1246644888624248e-07,
      3.659056184816737e-08,
      3.111437197024638e-11,
      -6.632668456146716e-12
    ],
    [
      249523601.6205817,
      326056466.42751944
    ]
  ],
  [
    [
      -9.439247446234244,
      -2.087889046506518,
      -5.735131351428429,
      0.05577994718924441,
      0.038125914277766536,
      9.339328574166245e-05,
      -6.048471019334063e-05,
      -1.0421864020665356e-07,
      3.477769440982139e-08,
      3.5581931901467834e-11,
      -6.632668456146716e-12
    ],
    [
      14286144.038230717,
      26207027.344774917
    ]
  ],
  [
    [
      -9.439247446234244,
      -2.0300465028625925,
      -5.909243986251825,
      0.05705084364535442,
      0.038125914277766536,
      9.339328574166245e-05,
      -6.048471019334063e-05,
      -1.1572849230746068e-07,
      3.477769440982139e-08,
      3.374094488710109e-11,
      -6.646065510861746e-12
    ],
    [
      379955.44482670946,
      1564621.9231054983
    ]
  ],
  [
    [
      -8.942468891172174,
      -2.0300465028625925,
      -6.34249018758002,
      0.05915974229650571,
      0.038125914277766536,
      0.0001012800089505118,
      -6.048471019334063e-05,
      -1.1690661879776077e-07,
      3.477769440982139e-08,
      3.2724344730533584e-11,
      -6.632668456146716e-12
    ],
    [
      914742.7336333666,
      1647175.1856158082
    ]
  ],
  [
    [
      -8.942468891172174,
      -2.0300465028625925,
      -5.735131351428429,
      0.05919096789055661,
      0.03630514853305683,
      9.339328574166245e-05,
      -6.048471019334063e-05,
      -1.1690661879776077e-07,
      3.450353317824134e-08,
      3.525457817317932e-11,
      -6.559966165197231e-12
    ],
    [
      28124531.787374426,
      45863842.13551021
    ]
  ],
  [
    [
      -8.942468891172174,
      -2.0300465028625925,
      -5.735131351428429,
      0.05919096789055661,
      0.038125914277766536,
      9.339328574166245e-05,
      -6.048471019334063e-05,
      -1.1690661879776077e-07,
      3.477769440982139e-08,
      3.2724344730533584e-11,
      -6.632668456146716e-12
    ],
    [
      974013.6029911864,
      545298.7744781363
    ]
  ],
  [
    [
      -9.579389696562629,
      -2.0300465028625925,
      -5.234521203582672,
      0.06405349044101072,
      0.038276557002721846,
      9.339328574166245e-05,
      -6.293567129132249e-05,
      -1.1690661879776077e-07,
      3.477769440982139e-08,
      3.2724344730533584e-11,
      -6.632668456146716e-12
    ],
    [
      128433879.12295714,
      186767844.06590548
    ]
  ],
  [
    [
      -9.377208874946794,
      -1.768443135862682,
      -5.853292274526514,
      0.06468696733231624,
      0.038125914277766536,
      9.291066821150463e-05,
      -6.048471019334063e-05,
      -1.1632718061061942e-07,
      3.477769440982139e-08,
      3.2724344730533584e-11,
      -6.632668456146716e-12
    ],
    [
      691564.1377005308,
      670476.4476973435
    ]
  ],
  [
    [
      -8.942468891172174,
      -2.0300465028625925,
      -6.072285229091348,
      0.05919096789055661,
      0.038125914277766536,
      9.700103732386145e-05,
      -6.048471019334063e-05,
      -1.20901398214552e-07,
      3.477769440982139e-08,
      3.374094488710109e-11,
      -6.632668456146716e-12
    ],
    [
      982391.1503008766,
      735790.3366650557
    ]
  ],
  [
    [
      -8.942468891172174,
      -2.0300465028625925,
      -5.985839147187211,
      0.05960526065576738,
      0.038125914277766536,
      9.339328574166245e-05,
      -6.048471019334063e-05,
      -1.1690661879776077e-07,
      3.477769440982139e-08,
      3.2724344730533584e-11,
      -6.632668456146716e-12
    ],
    [
      893074.6608641243,
      623873.7193377792
    ]
  ],
  [
    [
      -9.439247446234244,
      -2.0300465028625925,
      -5.735131351428429,
      0.05705084364535442,
      0.038125914277766536,
      9.339328574166245e-05,
      -6.048471019334063e-05,
      -1.1246644888624248e-07,
      3.780927339383481e-08,
      3.360173543785575e-11,
      -6.1226076563548984e-12
    ],
    [
      2132409867.1598163,
      2860050494.946822
    ]
  ],
  [
    [
      -8.942468891172174,
      -1.986296927373062,
      -5.735131351428429,
      0.05919096789055661,
      0.038125914277766536,
      0.00010189590438520572,
      -6.048471019334063e-05,
      -1.1718291351805615e-07,
      3.477769440982139e-08,
      3.2724344730533584e-11,
      -6.2557531846746565e-12
    ],
    [
      90726843.4031753,
      114718219.17630692
    ]
  ],
  [
    [
      -8.942468891172174,
      -2.0300465028625925,
      -5.735131351428429,
      0.05919096789055661,
      0.038125914277766536,
      9.339328574166245e-05,
      -0.5265176375873052,
      -1.1690661879776077e-07,
      3.1500522607404724e-08,
      3.2398423958251355e-11,
      -6.632668456146716e-12
    ],
    [
      7.360172836372707e+18,
      1.0095971621831156e+19
    ]
  ],
  [
    [
      -8.905933939738068,
      -2.0300465028625925,
      -5.5368624690987955,
      0.05919096789055661,
      -0.1704202405979176,
      9.339328574166245e-05,
      -6.048471019334063e-05,
      -1.1690661879776077e-07,
      3.477769440982139e-08,
      3.2724344730533584e-11,
      -6.108190861380326e-12
    ],
    [
      251771007716.53247,
      343715343677.34924
    ]
  ],
  [
    [
      -8.942468891172174,
      -2.0300465028625925,
      -5.735131351428429,
      0.05919096789055661,
      0.038125914277766536,
      9.339328574166245e-05,
      -6.048471019334063e-05,
      -1.1690661879776077e-07,
      3.496206758376111e-08,
      3.2724344730533584e-11,
      -6.632668456146716e-12
    ],
    [
      6511997.056825602,
      5987467.735470617
    ]
  ]
]