[
  [
    [
      -9.571128736063784,
      -2.2260835745644565,
      -5.820041831141163,
      0.06093603026814524,
      0.038125914277766536,
      9.011058977646077e-05,
      -6.048471019334063e-05,
      -1.1690661879776077e-07,
      3.477769440982139e-08,
      3.374094488710109e-11,
      -6.632668456146716e-12
    ],
    [
      658357.0961871841,
      663995.313111364
    ]
  ],
  [
    [
      -9.732823653917643,
      -1.768443135862682,
      -5.853292274526514,
      0.061296903606415425,
      0.038125914277766536,
      9.001052501736014e-05,
      -6.048471019334063e-05,
      -1.1690661879776077e-07,
      3.477769440982139e-08,
      3.374094488710109e-11,
      -6.632668456146716e-12
    ],
    [
      639430.6462156895,
      670357.6850798082
    ]
  ],
  [
    [
      -9.766421601005883,
      -2.185909577077915,
      -5.820041831141163,
      0.061296903606415425,
      0.038125914277766536,
      9.001052501736014e-05,
      -6.048471019334063e-05,
      -1.1690661879776077e-07,
      3.477769440982139e-08,
      3.374094488710109e-11,
      -6.632668456146716e-12
    ],
    [
      656055.8301280409,
      665132.8646966412
    ]
  ],
  [
    [
      -9.766421601005883,
      -2.185909577077915,
      -5.820041831141163,
      0.061296903606415425,
      0.038125914277766536,
      9.001052501736014e-05,
      -6.048471019334063e-05,
      -1.1690661879776077e-07,
      3.477769440982139e-08,
      3.374094488710109e-11,
      -6.632668456146716e-12
    ],
    [
      656055.8301280409,
      665132.8646966412
    ]
  ],
  [
    [
      -9.571128736063784,
      -1.8896222233371103,
      -5.853292274526514,
      0.061296903606415425,
      0.038125914277766536,
      9.001052501736014e-05,
      -6.048471019334063e-05,
      -1.1690661879776077e-07,
      3.477769440982139e-08,
      3.374094488710109e-11,
      -6.632668456146716e-12
    ],
    [
      640026.712555442,
      670546.3834663101
    ]
  ],
  [
    [
      -9.571128736063784,
      -2.1683566431817005,
      -5.820041831141163,
      0.061296903606415425,
      0.038125914277766536,
      9.001052501736014e-05,
      -6.048471019334063e-05,
      -1.1690661879776077e-07,
      3.477769440982139e-08,
      3.374094488710109e-11,
      -6.632668456146716e-12
    ],
    [
      655965.7735135328,
      665242.1867963414
    ]
  ],
  [
    [
      -9.571128736063784,
      -2.1683566431817005,
      -5.820041831141163,
      0.061296903606415425,
      0.038125914277766536,
      9.001052501736014e-05,
      -6.048471019334063e-05,
      -1.1690661879776077e-07,
      3.477769440982139e-08,
      3.374094488710109e-11,
      -6.632668456146716e-12
    ],
    [
      655965.7735135328,
      665242.1867963414
    ]
  ],
  [
    [
      -9.547100481251407,
      -1.8896222233371103,
      -5.853292274526514,
      0.061296903606415425,
      0.038125914277766536,
      9.001052501736014e-05,
      -6.048471019334063e-05,
      -1.1690661879776077e-07,
      3.477769440982139e-08,
      3.374094488710109e-11,
      -6.632668456146716e-12
    ],
    [
      640026.455288336,
      670558.9170564337
    ]
  ],
  [
    [
      -9.571128736063784,
      -2.185909577077915,
      -5.820041831141163,
      0.061296903606415425,
      0.038125914277766536,
      9.001052501736014e-05,
      -6.048471019334063e-05,
      -1.1690661879776077e-07,
      3.477769440982139e-08,
      3.374094488710109e-11,
      -6.632668456146716e-12
    ],
    [
      656065.6481247575,
      665249.5894972158
    ]
  ],
  [
    [
      -9.571128736063784,
      -2.185909577077915,
      -5.820041831141163,
      0.061296903606415425,
      0.038125914277766536,
      9.001052501736014e-05,
      -6.048471019334063e-05,
      -1.1690661879776077e-07,
      3.477769440982139e-08,
      3.374094488710109e-11,
      -6.632668456146716e-12
    ],
    [
      656065.6481247575,
      665249.5894972158
    ]
  ],
  [
    [
      -9.571128736063784,
      -2.185909577077915,
      -5.820041831141163,
      0.061296903606415425,
      0.038125914277766536,
      9.001052501736014e-05,
      -6.048471019334063e-05,
      -1.1690661879776077e-07,
      3.477769440982139e-08,
      3.374094488710109e-11,
      -6.632668456146716e-12
    ],
    [
      656065.6481247575,
      665249.5894972158
    ]
  ],
  [
    [
      -9.571128736063784,
      -2.185909577077915,
      -5.820041831141163,
      0.061296903606415425,
      0.038125914277766536,
      9.001052501736014e-05,
      -6.048471019334063e-05,
      -1.1690661879776077e-07,
      3.477769440982139e-08,
      3.374094488710109e-11,
      -6.632668456146716e-12
    ],
    [
      656065.6481247575,
      665249.5894972158
    ]
  ],
  [
    [
      -9.571128736063784,
      -2.185909577077915,
      -5.820041831141163,
      0.061296903606415425,
      0.038125914277766536,
      9.001052501736014e-05,
      -6.048471019334063e-05,
      -1.1690661879776077e-07,
      3.477769440982139e-08,
      3.374094488710109e-11,
      -6.632668456146716e-12
    ],
    [
      656065.6481247575,
      665249.5894972158
    ]
  ],
  [
    [
      -9.571128736063784,
      -2.185909577077915,
      -5.820041831141163,
      0.061296903606415425,
      0.038125914277766536,
      9.001052501736014e-05,
      -6.048471019334063e-05,
      -1.1690661879776077e-07,
      3.477769440982139e-08,
      3.374094488710109e-11,
      -6.632668456146716e-12
    ],
    [
      656065.6481247575,
      665249.5894972158
    ]
  ],
  [
    [
      -9.571128736063784,
      -2.185909577077915,
      -5.820041831141163,
      0.061296903606415425,
      0.038125914277766536,
      9.001052501736014e-05,
      -6.048471019334063e-05,
      -1.1690661879776077e-07,
      3.477769440982139e-08,
      3.374094488710109e-11,
      -6.632668456146716e-12
    ],
    [
      656065.6481247575,
      665249.5894972158
    ]
  ],
  [
    [
      -9.571128736063784,
      -2.185909577077915,
      -5.820041831141163,
      0.061296903606415425,
      0.038125914277766536,
      9.001052501736014e-05,
      -6.048471019334063e-05,
      -1.1690661879776077e-07,
      3.477769440982139e-08,
      3.374094488710109e-11,
      -6.632668456146716e-12
    ],
    [
      656065.6481247575,
      665249.5894972158
    ]
  ],
  [
    [
      -9.571128736063784,
      -2.185909577077915,
      -5.820041831141163,
      0.061296903606415425,
      0.038125914277766536,
      9.001052501736014e-05,
      -6.048471019334063e-05,
      -1.1690661879776077e-07,
      3.477769440982139e-08,
      3.374094488710109e-11,
      -6.632668456146716e-12
    ],
    [
      656065.6481247575,
      665249.5894972158
    ]
  ],
  [
    [
      -9.571128736063784,
      -2.185909577077915,
      -5.820041831141163,
      0.061296903606415425,
      0.038125914277766536,
      9.001052501736014e-05,
      -6.048471019334063e-05,
      -1.1690661879776077e-07,
      3.477769440982139e-08,
      3.374094488710109e-11,
      -6.632668456146716e-12
    ],
    [
      656065.6481247575,
      665249.5894972158
    ]
  ],
  [
    [
      -9.571128736063784,
      -2.185909577077915,
      -5.820041831141163,
      0.061296903606415425,
      0.038125914277766536,
      9.001052501736014e-05,
      -6.048471019334063e-05,
      -1.1690661879776077e-07,
      3.477769440982139e-08,
      3.374094488710109e-11,
      -6.632668456146716e-12
    ],
    [
      656065.6481247575,
      665249.5894972158
    ]
  ],
  [
    [
      -9.571128736063784,
      -2.185909577077915,
      -5.820041831141163,
      0.061296903606415425,
      0.038125914277766536,
      9.001052501736014e-05,
      -6.048471019334063e-05,
      -1.1690661879776077e-07,
      3.477769440982139e-08,
      3.374094488710109e-11,
      -6.632668456146716e-12
    ],
    [
      656065.6481247575,
      665249.5894972158
    ]
  ],
  [
    [
      -9.524348174082633,
      -2.185909577077915,
      -5.820041831141163,
      0.061296903606415425,
      0.038125914277766536,
      9.001052501736014e-05,
      -6.048471019334063e-05,
      -1.1690661879776077e-07,
      3.477769440982139e-08,
      3.374094488710109e-11,
      -6.632668456146716e-12
    ],
    [
      656068.0112575094,
      665277.5611454847
    ]
  ],
  [
    [
      -9.524348174082633,
      -2.185909577077915,
      -5.820041831141163,
      0.061296903606415425,
      0.038125914277766536,
      9.001052501736014e-05,
      -6.048471019334063e-05,
      -1.1690661879776077e-07,
      3.477769440982139e-08,
      3.374094488710109e-11,
      -6.632668456146716e-12
    ],
    [
      656068.0112575094,
      665277.5611454847
    ]
  ],
  [
    [
      -9.498960693851451,
      -2.185909577077915,
      -5.820041831141163,
      0.061296903606415425,
      0.038125914277766536,
      9.001052501736014e-05,
      -6.048471019334063e-05,
      -1.1690661879776077e-07,
      3.477769440982139e-08,
      3.374094488710109e-11,
      -6.632668456146716e-12
    ],
    [
      656069.2955450959,
      665292.7429934032
    ]
  ],
  [
    [
      -9.476045195274038,
      -2.185909577077915,
      -5.820041831141163,
      0.061296903606415425,
      0.038125914277766536,
      9.001052501736014e-05,
      -6.048471019334063e-05,
      -1.1690661879776077e-07,
      3.477769440982139e-08,
      3.374094488710109e-11,
      -6.632668456146716e-12
    ],
    [
      656070.4558883663,
      665306.4476900536
    ]
  ],
  [
    [
      -9.464043895960431,
      -2.185909577077915,
      -5.820041831141163,
      0.061296903606415425,
      0.038125914277766536,
      9.001052501736014e-05,
      -6.048471019334063e-05,
      -1.1690661879776077e-07,
      3.477769440982139e-08,
      3.374094488710109e-11,
      -6.632668456146716e-12
    ],
    [
      656071.0640020987,
      665313.625529485
    ]
  ],
  [
    [
      -9.571128736063784,
      -2.218612701247425,
      -5.820041831141163,
      0.061296903606415425,
      0.038125914277766536,
      9.001052501736014e-05,
      -6.048471019334063e-05,
      -1.1690661879776077e-07,
      3.477769440982139e-08,
      3.374094488710109e-11,
      -6.632668456146716e-12
    ],
    [
      656253.2145581865,
      665265.3591066827
    ]
  ],
  [
    [
      -9.439247446234244,
      -2.185909577077915,
      -5.820041831141163,
      0.061296903606415425,
      0.038125914277766536,
      9.001052501736014e-05,
      -6.048471019334063e-05,
      -1.1690661879776077e-07,
      3.477769440982139e-08,
      3.374094488710109e-11,
      -6.632668456146716e-12
    ],
    [
      656072.3213669858,
      665328.4569140165
    ]
  ],
  [
    [
      -9.439247446234244,
      -2.185909577077915,
      -5.820041831141163,
      0.061296903606415425,
      0.038125914277766536,
      9.001052501736014e-05,
      -6.048471019334063e-05,
      -1.1690661879776077e-07,
      3.477769440982139e-08,
      3.374094488710109e-11,
      -6.632668456146716e-12
    ],
    [
      656072.3213669858,
      665328.4569140165
    ]
  ],
  [
    [
      -9.439247446234244,
      -2.185909577077915,
      -5.820041831141163,
      0.061296903606415425,
      0.038125914277766536,
      9.001052501736014e-05,
      -6.048471019334063e-05,
      -1.1690661879776077e-07,
      3.477769440982139e-08,
      3.374094488710109e-11,
      -6.632668456146716e-12
    ],
    [
      656072.3213669858,
      665328.4569140165
    ]
  ],
  [
    [
      -9.439247446234244,
      -2.185909577077915,
      -5.820041831141163,
      0.061296903606415425,
      0.038125914277766536,
      9.001052501736014e-05,
      -6.048471019334063e-05,
      -1.1690661879776077e-07,
      3.477769440982139e-08,
      3.374094488710109e-11,
      -6.632668456146716e-12
    ],
    [
      656072.3213669858,
      665328.4569140165
    ]
  ],
  [
    [
      -9.439247446234244,
      -2.185909577077915,
      -5.820041831141163,
      0.061296903606415425,
      0.038125914277766536,
      9.001052501736014e-05,
      -6.048471019334063e-05,
      -1.1690661879776077e-07,
      3.477769440982139e-08,
      3.374094488710109e-11,
      -6.632668456146716e-12
    ],
    [
      656072.3213669858,
      665328.4569140165
    ]
  ],
  [
    [
      -9.439247446234244,
      -2.185909577077915,
      -5.820041831141163,
      0.061296903606415425,
      0.038125914277766536,
      9.001052501736014e-05,
      -6.048471019334063e-05,
      -1.1690661879776077e-07,
      3.477769440982139e-08,
      3.374094488710109e-11,
      -6.632668456146716e-12
    ],
    [
      656072.3213669858,
      665328.4569140165
    ]
  ],
  [
    [
      -9.439247446234244,
      -2.185909577077915,
      -5.820041831141163,
      0.061296903606415425,
      0.038125914277766536,
      9.001052501736014e-05,
      -6.048471019334063e-05,
      -1.1690661879776077e-07,
      3.477769440982139e-08,
      3.374094488710109e-11,
      -6.632668456146716e-12
    ],
    [
      656072.3213669858,
      665328.4569140165
    ]
  ],
  [
    [
      -9.439247446234244,
      -2.185909577077915,
      -5.820041831141163,
      0.061296903606415425,
      0.038125914277766536,
      9.001052501736014e-05,
      -6.048471019334063e-05,
      -1.1690661879776077e-07,
      3.477769440982139e-08,
      3.374094488710109e-11,
      -6.632668456146716e-12
    ],
    [
      656072.3213669858,
      665328.4569140165
    ]
  ],
  [
    [
      -9.439247446234244,
      -2.185909577077915,
      -5.820041831141163,
      0.061296903606415425,
      0.038125914277766536,
      9.001052501736014e-05,
      -6.048471019334063e-05,
      -1.1690661879776077e-07,
      3.477769440982139e-08,
      3.374094488710109e-11,
      -6.632668456146716e-12
    ],
    [
      656072.3213669858,
      665328.4569140165
    ]
  ],
  [
    [
      -9.439247446234244,
      -2.185909577077915,
      -5.820041831141163,
      0.061296903606415425,
      0.038125914277766536,
      9.001052501736014e-05,
      -6.048471019334063e-05,
      -1.1690661879776077e-07,
      3.477769440982139e-08,
      3.374094488710109e-11,
      -6.632668456146716e-12
    ],
    [
      656072.3213669858,
      665328.4569140165
    ]
  ],
  [
    [
      -9.435828549806594,
      -2.185909577077915,
      -5.820041831141163,
      0.061296903606415425,
      0.038125914277766536,
      9.001052501736014e-05,
      -6.048471019334063e-05,
      -1.1690661879776077e-07,
      3.477769440982139e-08,
      3.374094488710109e-11,
      -6.632668456146716e-12
    ],
    [
      656072.4948269981,
      665330.5019390286
    ]
  ],
  [
    [
      -9.439247446234244,
      -2.217307847302295,
      -5.820041831141163,
      0.061296903606415425,
      0.038125914277766536,
      9.001052501736014e-05,
      -6.048471019334063e-05,
      -1.1690661879776077e-07,
      3.477769440982139e-08,
      3.374094488710109e-11,
      -6.632668456146716e-12
    ],
    [
      656252.3803113301,
      665343.4959781029
    ]
  ],
  [
    [
      -9.571128736063784,
      6.680650173449878,
      -4.955862930544399,
      0.05928163553794297,
      0.030374250874256527,
      5.593125966272605e-05,
      -4.800625649211208e-05,
      -9.940176332511661e-08,
      2.781288862880898e-08,
      3.310817547859367e-11,
      -5.349865408359655e-12
    ],
    [
      486180.0690601527,
      690642.3983102596
    ]
  ],
  [
    [
      -9.571128736063784,
      6.680650173449878,
      -4.955862930544399,
      0.05928163553794297,
      0.030374250874256527,
      5.593125966272605e-05,
      -4.800625649211208e-05,
      -9.940176332511661e-08,
      2.781288862880898e-08,
      3.310817547859367e-11,
      -5.349865408359655e-12
    ],
    [
      486180.0690601527,
      690642.3983102596
    ]
  ],
  [
    [
      -9.571128736063784,
      6.680650173449878,
      -4.955862930544399,
      0.05928163553794297,
      0.030374250874256527,
      5.593125966272605e-05,
      -4.800625649211208e-05,
      -9.940176332511661e-08,
      2.781288862880898e-08,
      3.310817547859367e-11,
      -5.349865408359655e-12
    ],
    [
      486180.0690601527,
      690642.3983102596
    ]
  ],
  [
    [
      -9.571128736063784,
      6.680650173449878,
      -4.955862930544399,
      0.05928163553794297,
      0.030374250874256527,
      5.593125966272605e-05,
      -4.800625649211208e-05,
      -9.940176332511661e-08,
      2.781288862880898e-08,
      3.310817547859367e-11,
      -5.349865408359655e-12
    ],
    [
      486180.0690601527,
      690642.3983102596
    ]
  ],
  [
    [
      -9.571128736063784,
      6.680650173449878,
      -4.955862930544399,
      0.05928163553794297,
      0.030374250874256527,
      5.593125966272605e-05,
      -4.800625649211208e-05,
      -9.940176332511661e-08,
      2.781288862880898e-08,
      3.310817547859367e-11,
      -5.349865408359655e-12
    ],
    [
      486180.0690601527,
      690642.3983102596
    ]
  ],
  [
    [
      -9.571128736063784,
      6.680650173449878,
      -4.955862930544399,
      0.05928163553794297,
      0.030374250874256527,
      5.593125966272605e-05,
      -4.800625649211208e-05,
      -9.951559187254735e-08,
      2.781288862880898e-08,
      3.310817547859367e-11,
      -5.349865408359655e-12
    ],
    [
      496337.2571844779,
      661199.9933116834
    ]
  ],
  [
    [
      -9.571128736063784,
      6.680650173449878,
      -4.955862930544399,
      0.05928163553794297,
      0.030374250874256527,
      5.593125966272605e-05,
      -4.800625649211208e-05,
      -9.940176332511661e-08,
      2.781288862880898e-08,
      3.310817547859367e-11,
      -5.349865408359655e-12
    ],
    [
      486180.0690601527,
      690642.3983102596
    ]
  ],
  [
    [
      -9.571128736063784,
      6.680650173449878,
      -4.955862930544399,
      0.05928163553794297,
      0.030374250874256527,
      5.593125966272605e-05,
      -4.800625649211208e-05,
      -9.940176332511661e-08,
      2.781288862880898e-08,
      3.310817547859367e-11,
      -5.349865408359655e-12
    ],
    [
      486180.0690601527,
      690642.3983102596
    ]
  ],
  [
    [
      -9.571128736063784,
      6.680650173449878,
      -4.955862930544399,
      0.05928163553794297,
      0.030374250874256527,
      5.593125966272605e-05,
      -4.800625649211208e-05,
      -9.940176332511661e-08,
      2.781288862880898e-08,
      3.310817547859367e-11,
      -5.354599099749775e-12
    ],
    [
      376662.44255250605,
      752522.6110615202
    ]
  ],
  [
    [
      -9.571128736063784,
      6.680650173449878,
      -4.955862930544399,
      0.05928163553794297,
      0.030374250874256527,
      5.593125966272605e-05,
      -4.800625649211208e-05,
      -9.940176332511661e-08,
      2.781288862880898e-08,
      3.310817547859367e-11,
      -5.349865408359655e-12
    ],
    [
      486180.0690601527,
      690642.3983102596
    ]
  ],
  [
    [
      -9.571128736063784,
      6.680650173449878,
      -4.955862930544399,
      0.05928163553794297,
      0.03037779953750528,
      5.593125966272605e-05,
      -4.800625649211208e-05,
      -9.940176332511661e-08,
      2.781288862880898e-08,
      3.310817547859367e-11,
      -5.349865408359655e-12
    ],
    [
      495262.81506586587,
      687942.4494759854
    ]
  ],
  [
    [
      -9.571128736063784,
      6.680650173449878,
      -4.955862930544399,
      0.05928163553794297,
      0.030374250874256527,
      5.593125966272605e-05,
      -4.800625649211208e-05,
      -9.940176332511661e-08,
      2.781288862880898e-08,
      3.310817547859367e-11,
      -5.349865408359655e-12
    ],
    [
      486180.0690601527,
      690642.3983102596
    ]
  ],
  [
    [
      -9.571128736063784,
      6.680650173449878,
      -4.955862930544399,
      0.05928163553794297,
      0.030374250874256527,
      5.593125966272605e-05,
      -4.800625649211208e-05,
      -9.940176332511661e-08,
      2.781288862880898e-08,
      3.310817547859367e-11,
      -5.349865408359655e-12
    ],
    [
      486180.0690601527,
      690642.3983102596
    ]
  ],
  [
    [
      -9.571128736063784,
      6.680650173449878,
      -4.955862930544399,
      0.05928163553794297,
      0.030374250874256527,
      5.589601779869281e-05,
      -4.800625649211208e-05,
      -9.940176332511661e-08,
      2.781288862880898e-08,
      3.310817547859367e-11,
      -5.349865408359655e-12
    ],
    [
      487547.43186475954,
      686682.0277567969
    ]
  ],
  [
    [
      -9.571128736063784,
      6.681613456015667,
      -4.955862930544399,
      0.05928163553794297,
      0.030374250874256527,
      5.593125966272605e-05,
      -4.800625649211208e-05,
      -9.940176332511661e-08,
      2.781288862880898e-08,
      3.310817547859367e-11,
      -5.349865408359655e-12
    ],
    [
      486173.44261363184,
      690655.569076815
    ]
  ],
  [
    [
      -9.571128736063784,
      6.680650173449878,
      -4.955862930544399,
      0.05928163553794297,
      0.030374250874256527,
      5.593125966272605e-05,
      -4.800625649211208e-05,
      -9.940176332511661e-08,
      2.781288862880898e-08,
      3.310817547859367e-11,
      -5.349865408359655e-12
    ],
    [
      486180.0690601527,
      690642.3983102596
    ]
  ],
  [
    [
      -9.571128736063784,
      6.680650173449878,
      -4.955862930544399,
      0.05924930446823708,
      0.030374250874256527,
      5.593125966272605e-05,
      -4.800625649211208e-05,
      -9.940176332511661e-08,
      2.781288862880898e-08,
      3.310817547859367e-11,
      -5.349865408359655e-12
    ],
    [
      486734.5532209848,
      689190.0671406998
    ]
  ],
  [
    [
      -9.571128736063784,
      6.680650173449878,
      -4.955862930544399,
      0.05928163553794297,
      0.030374250874256527,
      5.593125966272605e-05,
      -4.800625649211208e-05,
      -9.940176332511661e-08,
      2.781288862880898e-08,
      3.310817547859367e-11,
      -5.342241439862636e-12
    ],
    [
      715938.8973077066,
      664837.7195195933
    ]
  ],
  [
    [
      -9.571128736063784,
      6.680650173449878,
      -4.955862930544399,
      0.05928163553794297,
      0.030374250874256527,
      5.593125966272605e-05,
      -4.800625649211208e-05,
      -9.940176332511661e-08,
      2.781288862880898e-08,
      3.310817547859367e-11,
      -5.349865408359655e-12
    ],
    [
      486180.0690601527,
      690642.3983102596
    ]
  ],
  [
    [
      -9.571128736063784,
      6.680650173449878,
      -4.955862930544399,
      0.05928163553794297,
      0.030374250874256527,
      5.593125966272605e-05,
      -4.800625649211208e-05,
      -9.940176332511661e-08,
      2.781288862880898e-08,
      3.310817547859367e-11,
      -0.5786378095656541
    ],
    [
      1.8967626393125564e+32,
      2.6247887733666926e+32
    ]
  ],
  [
    [
      -9.571128736063784,
      6.680650173449878,
      -4.955862930544399,
      0.05928163553794297,
      0.030374250874256527,
      5.593125966272605e-05,
      -4.800625649211208e-05,
      -9.940176332511661e-08,
      2.781288862880898e-08,
      3.310817547859367e-11,
      -5.349865408359655e-12
    ],
    [
      486180.0690601527,
      690642.3983102596
    ]
  ],
  [
    [
      -9.571128736063784,
      6.680650173449878,
      -4.955862930544399,
      0.05928163553794297,
      0.03033285415560426,
      5.593125966272605e-05,
      -4.800625649211208e-05,
      -9.940176332511661e-08,
      2.781288862880898e-08,
      3.310817547859367e-11,
      -5.349865408359655e-12
    ],
    [
      391542.9272255978,
      737571.6861922363
    ]
  ],
  [
    [
      -9.571128736063784,
      6.680650173449878,
      -4.955862930544399,
      0.05928163553794297,
      0.030374250874256527,
      5.593125966272605e-05,
      -4.800625649211208e-05,
      -9.940176332511661e-08,
      2.781288862880898e-08,
      3.313077996139238e-11,
      -5.349865408359655e-12
    ],
    [
      482347.26582358434,
      704855.4674051187
    ]
  ],
  [
    [
      -9.571128736063784,
      6.680650173449878,
      -4.955862930544399,
      0.05928163553794297,
      0.030374250874256527,
      5.593125966272605e-05,
      -4.800625649211208e-05,
      -9.940176332511661e-08,
      2.781288862880898e-08,
      3.310817547859367e-11,
      -5.347637780065222e-12
    ],
    [
      546502.8159600265,
      673678.8646889131
    ]
  ],
  [
    [
      -9.571128736063784,
      6.680650173449878,
      -4.955862930544399,
      0.05928163553794297,
      0.030374250874256527,
      5.593125966272605e-05,
      -4.800625649211208e-05,
      -9.940176332511661e-08,
      2.781288862880898e-08,
      3.310817547859367e-11,
      -5.349865408359655e-12
    ],
    [
      486180.0690601527,
      690642.3983102596
    ]
  ],
  [
    [
      -9.571128736063784,
      6.680650173449878,
      -4.955862930544399,
      0.05928163553794297,
      0.030374250874256527,
      5.593125966272605e-05,
      -4.800625649211208e-05,
      -9.940176332511661e-08,
      2.781288862880898e-08,
      3.310817547859367e-11,
      -5.349865408359655e-12
    ],
    [
      486180.0690601527,
      690642.3983102596
    ]
  ],
  [
    [
      -9.571128736063784,
      6.680650173449878,
      -4.955862930544399,
      0.05928163553794297,
      0.030374250874256527,
      5.593125966272605e-05,
      -4.800625649211208e-05,
      -9.940176332511661e-08,
      2.781288862880898e-08,
      3.310817547859367e-11,
      -5.349865408359655e-12
    ],
    [
      486180.0690601527,
      690642.3983102596
    ]
  ],
  [
    [
      -9.571128736063784,
      6.680650173449878,
      -4.955862930544399,
      0.05928163553794297,
      0.030374250874256527,
      5.593125966272605e-05,
      -4.807484663086727e-05,
      -9.940176332511661e-08,
      2.781288862880898e-08,
      3.310817547859367e-11,
      -5.349865408359655e-12
    ],
    [
      232684.84720128746,
      988933.231366833
    ]
  ],
  [
    [
      -9.571128736063784,
      6.680650173449878,
      -4.955862930544399,
      0.05928163553794297,
      0.030374250874256527,
      5.5943397717741766e-05,
      -4.800625649211208e-05,
      -9.940176332511661e-08,
      2.781288862880898e-08,
      3.310817547859367e-11,
      -5.349865408359655e-12
    ],
    [
      485716.36844076135,
      692016.3698137639
    ]
  ],
  [
    [
      -9.571128736063784,
      6.680650173449878,
      -4.955862930544399,
      0.05928163553794297,
      0.030374250874256527,
      5.591966022462246e-05,
      -4.800625649211208e-05,
      -9.940176332511661e-08,
      2.781288862880898e-08,
      3.310817547859367e-11,
      -5.349865408359655e-12
    ],
    [
      486626.6636966254,
      689334.1522471992
    ]
  ],
  [
    [
      -9.571128736063784,
      6.680650173449878,
      -4.955862930544399,
      0.05928163553794297,
      0.030374250874256527,
      5.594022676053658e-05,
      -4.800625649211208e-05,
      -9.940176332511661e-08,
      2.781288862880898e-08,
      3.310817547859367e-11,
      -5.349865408359655e-12
    ],
    [
      485837.1476551839,
      691656.9409722146
    ]
  ],
  [
    [
      -9.571128736063784,
      6.680650173449878,
      -4.955862930544399,
      0.05928163553794297,
      0.030374250874256527,
      5.593125966272605e-05,
      -4.800625649211208e-05,
      -9.940176332511661e-08,
      2.781288862880898e-08,
      3.310817547859367e-11,
      -5.349865408359655e-12
    ],
    [
      486180.0690601527,
      690642.3983102596
    ]
  ],
  [
    [
      -9.571128736063784,
      6.680650173449878,
      -4.955862930544399,
      0.05928163553794297,
      0.030374250874256527,
      5.593125966272605e-05,
      -4.800625649211208e-05,
      -9.940176332511661e-08,
      2.781288862880898e-08,
      3.310817547859367e-11,
      -5.349865408359655e-12
    ],
    [
      486180.0690601527,
      690642.3983102596
    ]
  ],
  [
    [
      -9.571128736063784,
      6.680650173449878,
      -4.948701466560298,
      0.05928163553794297,
      0.030374250874256527,
      5.593125966272605e-05,
      -4.800625649211208e-05,
      -9.940176332511661e-08,
      2.781288862880898e-08,
      3.310817547859367e-11,
      -5.349865408359655e-12
    ],
    [
      494453.4930671989,
      689283.9706172126
    ]
  ],
  [
    [
      -9.571128736063784,
      6.680650173449878,
      -4.955862930544399,
      0.05928163553794297,
      0.030374250874256527,
      5.593125966272605e-05,
      -4.800625649211208e-05,
      -9.940176332511661e-08,
      2.781288862880898e-08,
      3.314778005399926e-11,
      -5.349865408359655e-12
    ],
    [
      479640.9238249683,
      715787.1925734164
    ]
  ],
  [
    [
      -9.571128736063784,
      6.680650173449878,
      -4.955862930544399,
      0.05928163553794297,
      0.030374250874256527,
      5.593125966272605e-05,
      -4.800625649211208e-05,
      -9.940176332511661e-08,
      2.781288862880898e-08,
      3.311337951424419e-11,
      -5.349865408359655e-12
    ],
    [
      485273.97998220025,
      693881.9306330916
    ]
  ],
  [
    [
      -9.571128736063784,
      6.680650173449878,
      -4.955862930544399,
      0.05922053073015802,
      0.030374250874256527,
      5.593125966272605e-05,
      -4.800625649211208e-05,
      -9.940176332511661e-08,
      2.781288862880898e-08,
      3.310817547859367e-11,
      -5.349865408359655e-12
    ],
    [
      487233.33023157076,
      687904.6701378154
    ]
  ],
  [
    [
      -9.571128736063784,
      6.680650173449878,
      -4.955862930544399,
      0.05928163553794297,
      0.030374250874256527,
      5.593125966272605e-05,
      -4.800625649211208e-05,
      -9.940176332511661e-08,
      2.781288862880898e-08,
      3.310817547859367e-11,
      -5.349865408359655e-12
    ],
    [
      486180.0690601527,
      690642.3983102596
    ]
  ],
  [
    [
      -9.571128736063784,
      6.680650173449878,
      -4.955862930544399,
      0.05928163553794297,
      0.030374250874256527,
      5.593125966272605e-05,
      -4.800625649211208e-05,
      -9.940176332511661e-08,
      2.781288862880898e-08,
      3.310817547859367e-11,
      -5.349865408359655e-12
    ],
    [
      486180.0690601527,
      690642.3983102596
    ]
  ],
  [
    [
      -9.571128736063784,
      6.680650173449878,
      -4.962681118145748,
      0.05928163553794297,
      0.030374250874256527,
      5.593125966272605e-05,
      -4.800625649211208e-05,
      -9.940176332511661e-08,
      2.781288862880898e-08,
      3.310817547859367e-11,
      -5.349865408359655e-12
    ],
    [
      478452.58198565466,
      692133.2121686066
    ]
  ],
  [
    [
      -9.571128736063784,
      6.680650173449878,
      -4.955862930544399,
      0.05928163553794297,
      0.030374250874256527,
      5.593125966272605e-05,
      -4.800625649211208e-05,
      -9.940176332511661e-08,
      2.781288862880898e-08,
      3.310817547859367e-11,
      -5.343610311139174e-12
    ],
    [
      669835.462870952,
      662758.5144166003
    ]
  ],
  [
    [
      -9.571128736063784,
      6.680650173449878,
      -4.955862930544399,
      0.05928163553794297,
      0.030374250874256527,
      5.593125966272605e-05,
      -4.800625649211208e-05,
      -9.940176332511661e-08,
      2.781288862880898e-08,
      3.310817547859367e-11,
      -5.349865408359655e-12
    ],
    [
      486180.0690601527,
      690642.3983102596
    ]
  ],
  [
    [
      -9.571128736063784,
      6.680650173449878,
      -4.955862930544399,
      0.05928163553794297,
      0.030374250874256527,
      5.593125966272605e-05,
      -4.800625649211208e-05,
      -9.951559187254735e-08,
      2.781288862880898e-08,
      3.310817547859367e-11,
      -5.349865408359655e-12
    ],
    [
      496337.2571844779,
      661199.9933116834
    ]
  ],
  [
    [
      -9.571128736063784,
      6.680650173449878,
      -4.955862930544399,
      0.05928163553794297,
      0.030374250874256527,
      5.593125966272605e-05,
      -4.800625649211208e-05,
      -9.951559187254735e-08,
      2.781288862880898e-08,
      3.310817547859367e-11,
      -5.349865408359655e-12
    ],
    [
      496337.2571844779,
      661199.9933116834
    ]
  ],
  [
    [
      -9.571128736063784,
      6.680650173449878,
      -4.955862930544399,
      0.05928163553794297,
      0.030374250874256527,
      5.593125966272605e-05,
      -4.800625649211208e-05,
      -9.936840566988906e-08,
      2.781288862880898e-08,
      3.310817547859367e-11,
      -5.349865408359655e-12
    ],
    [
      483481.170017465,
      699651.3904090221
    ]
  ],
  [
    [
      -9.571128736063784,
      6.680650173449878,
      -4.955862930544399,
      0.05928163553794297,
      0.030374250874256527,
      5.593125966272605e-05,
      -4.800625649211208e-05,
      -9.941136605866293e-08,
      2.781288862880898e-08,
      3.310817547859367e-11,
      -5.349865408359655e-12
    ],
    [
      486980.33827236306,
      688080.9619107305
    ]
  ],
  [
    [
      -9.571128736063784,
      6.680650173449878,
      -4.955862930544399,
      0.05928163553794297,
      0.030374250874256527,
      5.593125966272605e-05,
      -4.800625649211208e-05,
      -9.951559187254735e-08,
      2.781288862880898e-08,
      3.310817547859367e-11,
      -5.349865408359655e-12
    ],
    [
      496337.2571844779,
      661199.9933116834
    ]
  ],
  [
    [
      -9.571128736063784,
      6.680650173449878,
      -4.955862930544399,
      0.05928163553794297,
      0.030374250874256527,
      5.593125966272605e-05,
      -4.800625649211208e-05,
      -9.951559187254735e-08,
      2.781288862880898e-08,
      3.310817547859367e-11,
      -5.349865408359655e-12
    ],
    [
      496337.2571844779,
      661199.9933116834
    ]
  ],
  [
    [
      -9.571128736063784,
      6.680650173449878,
      -4.955862930544399,
      0.05928163553794297,
      0.030374250874256527,
      5.593125966272605e-05,
      -4.800625649211208e-05,
      -9.951559187254735e-08,
      2.781288862880898e-08,
      3.310817547859367e-11,
      -5.349865408359655e-12
    ],
    [
      496337.2571844779,
      661199.9933116834
    ]
  ],
  [
    [
      -9.571128736063784,
      6.680650173449878,
      -4.955862930544399,
      0.05928163553794297,
      0.030374250874256527,
      5.593125966272605e-05,
      -4.800625649211208e-05,
      -9.951559187254735e-08,
      2.781288862880898e-08,
      3.310817547859367e-11,
      -5.349865408359655e-12
    ],
    [
      496337.2571844779,
      661199.9933116834
    ]
  ],
  [
    [
      -9.571128736063784,
      6.680650173449878,
      -4.955862930544399,
      0.05928163553794297,
      0.030374250874256527,
      5.593125966272605e-05,
      -4.800625649211208e-05,
      -9.951559187254735e-08,
      2.781288862880898e-08,
      3.310817547859367e-11,
      -5.349865408359655e-12
    ],
    [
      496337.2571844779,
      661199.9933116834
    ]
  ],
  [
    [
      -9.571128736063784,
      6.680650173449878,
      -4.955862930544399,
      0.05928163553794297,
      0.030374250874256527,
      5.593125966272605e-05,
      -4.800625649211208e-05,
      -9.951559187254735e-08,
      2.781288862880898e-08,
      3.310817547859367e-11,
      -5.349865408359655e-12
    ],
    [
      496337.2571844779,
      661199.9933116834
    ]
  ],
  [
    [
      -9.571128736063784,
      6.680650173449878,
      -4.955862930544399,
      0.05928163553794297,
      0.030374250874256527,
      5.593125966272605e-05,
      -4.800625649211208e-05,
      -9.951559187254735e-08,
      2.781288862880898e-08,
      3.311010779556301e-11,
      -5.349865408359655e-12
    ],
    [
      495945.7838046063,
      662327.318535174
    ]
  ],
  [
    [
      -9.571128736063784,
      6.680650173449878,
      -4.955862930544399,
      0.05928163553794297,
      0.030374250874256527,
      5.593125966272605e-05,
      -4.802119551225784e-05,
      -9.951559187254735e-08,
      2.781288862880898e-08,
      3.310817547859367e-11,
      -5.349865408359655e-12
    ],
    [
      420585.09879834845,
      697967.7576942288
    ]
  ],
  [
    [
      -9.571128736063784,
      6.680650173449878,
      -4.955862930544399,
      0.05928163553794297,
      0.030374250874256527,
      5.593125966272605e-05,
      -4.7984894463654145e-05,
      -9.951559187254735e-08,
      2.781288862880898e-08,
      3.310817547859367e-11,
      -5.349865408359655e-12
    ],
    [
      625251.5852393762,
      636870.9768383236
    ]
  ],
  [
    [
      -9.571128736063784,
      6.680650173449878,
      -4.955862930544399,
      0.05928163553794297,
      0.030374250874256527,
      5.591043670293229e-05,
      -4.800625649211208e-05,
      -9.951559187254735e-08,
      2.781288862880898e-08,
      3.310817547859367e-11,
      -5.349865408359655e-12
    ],
    [
      497267.27611830726,
      659027.4643352495
    ]
  ],
  [
    [
      -9.571128736063784,
      6.680650173449878,
      -4.955862930544399,
      0.05928163553794297,
      0.030374250874256527,
      5.593125966272605e-05,
      -4.803172689057321e-05,
      -9.951559187254735e-08,
      2.781288862880898e-08,
      3.310817547859367e-11,
      -5.349865408359655e-12
    ],
    [
      374306.1663058692,
      733658.3093457305
    ]
  ],
  [
    [
      -9.571128736063784,
      6.680650173449878,
      -4.955862930544399,
      0.05928163553794297,
      0.030374250874256527,
      5.593125966272605e-05,
      -4.800625649211208e-05,
      -9.951559187254735e-08,
      2.781288862880898e-08,
      3.310817547859367e-11,
      -5.349865408359655e-12
    ],
    [
      496337.2571844779,
      661199.9933116834
    ]
  ],
  [
    [
      -9.571128736063784,
      6.680650173449878,
      -4.955862930544399,
      0.05928163553794297,
      0.030374250874256527,
      5.593125966272605e-05,
      -4.800625649211208e-05,
      -9.951559187254735e-08,
      2.781288862880898e-08,
      3.313286134537774e-11,
      -5.349865408359655e-12
    ],
    [
      491483.06302259106,
      675804.2165511235
    ]
  ],
  [
    [
      -9.571128736063784,
      6.680650173449878,
      -4.955862930544399,
      0.05924328829359555,
      0.030374250874256527,
      5.593125966272605e-05,
      -4.800625649211208e-05,
      -9.951559187254735e-08,
      2.781288862880898e-08,
      3.310817547859367e-11,
      -5.349865408359655e-12
    ],
    [
      497105.6479094921,
      659629.1588683276
    ]
  ],
  [
    [
      -9.563257010193576,
      6.680650173449878,
      -4.955862930544399,
      0.05928163553794297,
      0.030374250874256527,
      5.593125966272605e-05,
      -4.800625649211208e-05,
      -9.951559187254735e-08,
      2.781288862880898e-08,
      3.310817547859367e-11,
      -5.349865408359655e-12
    ],
    [
      496340.3516208522,
      661202.2492000739
    ]
  ],
  [
    [
      -9.571128736063784,
      6.680650173449878,
      -4.955862930544399,
      0.05928163553794297,
      0.030374250874256527,
      5.593125966272605e-05,
      -4.800625649211208e-05,
      -9.947619149163832e-08,
      2.781288862880898e-08,
      3.310817547859367e-11,
      -5.349865408359655e-12
    ],
    [
      492655.6155799711,
      671163.6583851132
    ]
  ],
  [
    [
      -9.571128736063784,
      6.680650173449878,
      -4.955862930544399,
      0.05928163553794297,
      0.030374250874256527,
      5.593125966272605e-05,
      -4.800625649211208e-05,
      -9.951559187254735e-08,
      2.781288862880898e-08,
      3.310817547859367e-11,
      -5.349865408359655e-12
    ],
    [
      496337.2571844779,
      661199.9933116834
    ]
  ],
  [
    [
      -9.571128736063784,
      6.680650173449878,
      -4.955862930544399,
      0.05928163553794297,
      0.030374250874256527,
      5.593125966272605e-05,
      -4.800625649211208e-05,
      -9.951559187254735e-08,
      2.781288862880898e-08,
      3.310817547859367e-11,
      -5.349865408359655e-12
    ],
    [
      496337.2571844779,
      661199.9933116834
    ]
  ],
  [
    [
      -9.571128736063784,
      6.686488929965608,
      -4.955862930544399,
      0.05928163553794297,
      0.030374250874256527,
      5.593125966272605e-05,
      -4.800625649211208e-05,
      -9.951559187254735e-08,
      2.781288862880898e-08,
      3.310817547859367e-11,
      -5.349865408359655e-12
    ],
    [
      496289.0329083881,
      661268.8339865205
    ]
  ],
  [
    [
      -9.571128736063784,
      6.680650173449878,
      -4.955862930544399,
      0.05928163553794297,
      0.030374250874256527,
      5.593125966272605e-05,
      -4.800625649211208e-05,
      -9.951559187254735e-08,
      2.781288862880898e-08,
      3.310817547859367e-11,
      -5.349865408359655e-12
    ],
    [
      496337.2571844779,
      661199.9933116834
    ]
  ],
  [
    [
      -9.571128736063784,
      6.680650173449878,
      -4.955862930544399,
      0.05928163553794297,
      0.030374250874256527,
      5.593125966272605e-05,
      -4.800625649211208e-05,
      -9.951559187254735e-08,
      2.781288862880898e-08,
      3.3122755373153736e-11,
      -5.349865408359655e-12
    ],
    [
      493431.7302793578,
      669772.4183187735
    ]
  ],
  [
    [
      -9.571128736063784,
      6.680650173449878,
      -4.955862930544399,
      0.05928163553794297,
      0.030374250874256527,
      5.593125966272605e-05,
      -4.800625649211208e-05,
      -9.951559187254735e-08,
      2.781288862880898e-08,
      3.310817547859367e-11,
      -5.349865408359655e-12
    ],
    [
      496337.2571844779,
      661199.9933116834
    ]
  ],
  [
    [
      -9.571128736063784,
      6.680650173449878,
      -4.955862930544399,
      0.05928163553794297,
      0.030334145255330902,
      5.593125966272605e-05,
      -4.800625649211208e-05,
      -9.951559187254735e-08,
      2.781288862880898e-08,
      3.310817547859367e-11,
      -5.349865408359655e-12
    ],
    [
      405124.67744185345,
      707941.5735551564
    ]
  ],
  [
    [
      -9.571128736063784,
      6.680650173449878,
      -4.955862930544399,
      0.05928163553794297,
      0.030374250874256527,
      5.593125966272605e-05,
      -4.800625649211208e-05,
      -9.951559187254735e-08,
      2.781288862880898e-08,
      3.310817547859367e-11,
      -5.349865408359655e-12
    ],
    [
      496337.2571844779,
      661199.9933116834
    ]
  ],
  [
    [
      -9.571128736063784,
      6.680650173449878,
      -4.955862930544399,
      0.05928163553794297,
      0.030374250874256527,
      5.593125966272605e-05,
      -4.800625649211208e-05,
      -9.951559187254735e-08,
      2.781288862880898e-08,
      3.310817547859367e-11,
      -5.349865408359655e-12
    ],
    [
      496337.2571844779,
      661199.9933116834
    ]
  ],
  [
    [
      -9.571128736063784,
      6.680650173449878,
      -4.955862930544399,
      0.05928163553794297,
      0.030374250874256527,
      5.593125966272605e-05,
      -4.800625649211208e-05,
      -9.951559187254735e-08,
      2.781288862880898e-08,
      3.310817547859367e-11,
      -5.349865408359655e-12
    ],
    [
      496337.2571844779,
      661199.9933116834
    ]
  ],
  [
    [
      -9.571128736063784,
      6.680650173449878,
      -4.955862930544399,
      0.05928163553794297,
      0.030374250874256527,
      5.593125966272605e-05,
      -4.800625649211208e-05,
      -9.951559187254735e-08,
      2.781288862880898e-08,
      3.310817547859367e-11,
      -5.349865408359655e-12
    ],
    [
      496337.2571844779,
      661199.9933116834
    ]
  ],
  [
    [
      -9.571128736063784,
      6.680650173449878,
      -4.955862930544399,
      0.05928163553794297,
      0.030374250874256527,
      5.593125966272605e-05,
      -4.800625649211208e-05,
      -9.951559187254735e-08,
      2.781288862880898e-08,
      3.310817547859367e-11,
      -5.349865408359655e-12
    ],
    [
      496337.2571844779,
      661199.9933116834
    ]
  ],
  [
    [
      -9.571128736063784,
      6.680650173449878,
      -4.955862930544399,
      0.05928163553794297,
      0.030374250874256527,
      5.593125966272605e-05,
      -4.800625649211208e-05,
      -9.938075674214704e-08,
      2.781288862880898e-08,
      3.310817547859367e-11,
      -5.349865408359655e-12
    ],
    [
      484465.79585815815,
      696295.5775559058
    ]
  ],
  [
    [
      -9.571128736063784,
      6.680650173449878,
      -4.955862930544399,
      0.05928163553794297,
      0.030374250874256527,
      5.593125966272605e-05,
      -4.800625649211208e-05,
      -9.951559187254735e-08,
      2.781288862880898e-08,
      3.310817547859367e-11,
      -5.349865408359655e-12
    ],
    [
      496337.2571844779,
      661199.9933116834
    ]
  ],
  [
    [
      -9.571128736063784,
      6.680650173449878,
      -4.953596414564789,
      0.05928163553794297,
      0.030374250874256527,
      5.593125966272605e-05,
      -4.800625649211208e-05,
      -9.951559187254735e-08,
      2.781288862880898e-08,
      3.310817547859367e-11,
      -5.349865408359655e-12
    ],
    [
      498922.2333249122,
      660688.7680645722
    ]
  ],
  [
    [
      -9.571128736063784,
      6.680650173449878,
      -4.955862930544399,
      0.05928163553794297,
      0.030374250874256527,
      5.593125966272605e-05,
      -4.800625649211208e-05,
      -9.951559187254735e-08,
      2.781288862880898e-08,
      3.310817547859367e-11,
      -5.349865408359655e-12
    ],
    [
      496337.2571844779,
      661199.9933116834
    ]
  ],
  [
    [
      -9.571128736063784,
      6.680650173449878,
      -4.955862930544399,
      0.05928163553794297,
      0.030374250874256527,
      5.593125966272605e-05,
      -4.800625649211208e-05,
      -9.951559187254735e-08,
      2.7806800300035056e-08,
      3.310817547859367e-11,
      -5.349865408359655e-12
    ],
    [
      428874.07931697945,
      693139.9137430999
    ]
  ],
  [
    [
      -9.571128736063784,
      6.680650173449878,
      -4.955862930544399,
      0.05928163553794297,
      0.030374250874256527,
      5.593125966272605e-05,
      -4.800625649211208e-05,
      -9.951559187254735e-08,
      2.781288862880898e-08,
      3.310817547859367e-11,
      -5.348213998685536e-12
    ],
    [
      540045.818577007,
      647705.489561989
    ]
  ],
  [
    [
      -9.571128736063784,
      6.680650173449878,
      -4.955862930544399,
      0.05928351180257842,
      0.030374250874256527,
      5.593125966272605e-05,
      -4.800625649211208e-05,
      -9.951559187254735e-08,
      2.781288862880898e-08,
      3.310817547859367e-11,
      -5.349865408359655e-12
    ],
    [
      496299.8887242427,
      661277.1578726658
    ]
  ],
  [
    [
      -9.571128736063784,
      6.680650173449878,
      -4.955862930544399,
      0.05928163553794297,
      0.030374250874256527,
      -0.7176459691653156,
      -4.800625649211208e-05,
      -9.951559187254735e-08,
      2.781288862880898e-08,
      3.310817547859367e-11,
      -5.349865408359655e-12
    ],
    [
      6492250219409235.0,
      8898170233163286.0
    ]
  ],
  [
    [
      -9.571128736063784,
      6.680650173449878,
      -4.955862930544399,
      0.059249034750363735,
      0.030374250874256527,
      5.591043670293229e-05,
      -4.800625649211208e-05,
      -9.951559187254735e-08,
      2.781288862880898e-08,
      3.310817547859367e-11,
      -5.349865408359655e-12
    ],
    [
      497928.2143136623,
      657702.5257586131
    ]
  ],
  [
    [
      -9.571128736063784,
      6.680650173449878,
      -4.955862930544399,
      0.05928163553794297,
      0.030374250874256527,
      5.591043670293229e-05,
      -4.800625649211208e-05,
      -9.951559187254735e-08,
      2.781288862880898e-08,
      3.310817547859367e-11,
      -5.349865408359655e-12
    ],
    [
      497267.27611830726,
      659027.4643352495
    ]
  ],
  [
    [
      -9.571128736063784,
      6.680650173449878,
      -4.955862930544399,
      0.05928163553794297,
      0.030374250874256527,
      5.591043670293229e-05,
      -4.800625649211208e-05,
      -9.965936901460198e-08,
      2.781288862880898e-08,
      3.310817547859367e-11,
      -5.349865408359655e-12
    ],
    [
      512350.6001759639,
      624929.7520909426
    ]
  ],
  [
    [
      -9.571128736063784,
      6.680650173449878,
      -4.955862930544399,
      0.05928163553794297,
      0.030374250874256527,
      5.591043670293229e-05,
      -4.800625649211208e-05,
      -9.965213397646454e-08,
      2.781288862880898e-08,
      3.310817547859367e-11,
      -5.349865408359655e-12
    ],
    [
      511535.7172991376,
      626568.9611167978
    ]
  ],
  [
    [
      -9.571128736063784,
      6.680650173449878,
      -4.963101257957652,
      0.05928163553794297,
      0.030374250874256527,
      5.591043670293229e-05,
      -4.800625649211208e-05,
      -9.951559187254735e-08,
      2.781288862880898e-08,
      3.310817547859367e-11,
      -5.349865408359655e-12
    ],
    [
      489122.4293296061,
      660822.5607071257
    ]
  ],
  [
    [
      -9.571128736063784,
      6.680650173449878,
      -4.955862930544399,
      0.05928163553794297,
      0.030374250874256527,
      5.591043670293229e-05,
      -4.800625649211208e-05,
      -9.951559187254735e-08,
      2.781288862880898e-08,
      3.310817547859367e-11,
      -5.349865408359655e-12
    ],
    [
      497267.27611830726,
      659027.4643352495
    ]
  ],
  [
    [
      -9.571128736063784,
      6.680650173449878,
      -4.955862930544399,
      0.05928163553794297,
      0.030374250874256527,
      5.591043670293229e-05,
      -4.800625649211208e-05,
      -9.951559187254735e-08,
      2.781288862880898e-08,
      3.310817547859367e-11,
      -5.349865408359655e-12
    ],
    [
      497267.27611830726,
      659027.4643352495
    ]
  ],
  [
    [
      -9.571128736063784,
      6.680650173449878,
      -4.955862930544399,
      0.05928163553794297,
      0.030374250874256527,
      5.591043670293229e-05,
      -4.800625649211208e-05,
      -9.951559187254735e-08,
      2.781288862880898e-08,
      3.310817547859367e-11,
      -5.349865408359655e-12
    ],
    [
      497267.27611830726,
      659027.4643352495
    ]
  ],
  [
    [
      -9.571128736063784,
      6.680650173449878,
      -4.955862930544399,
      0.05928163553794297,
      0.030374250874256527,
      5.591043670293229e-05,
      -4.800625649211208e-05,
      -9.951559187254735e-08,
      2.781288862880898e-08,
      3.310817547859367e-11,
      -5.349865408359655e-12
    ],
    [
      497267.27611830726,
      659027.4643352495
    ]
  ],
  [
    [
      -9.571128736063784,
      6.680650173449878,
      -4.955862930544399,
      0.05928163553794297,
      0.030374250874256527,
      5.591043670293229e-05,
      -4.800625649211208e-05,
      -9.951559187254735e-08,
      2.781288862880898e-08,
      3.310817547859367e-11,
      -5.349865408359655e-12
    ],
    [
      497267.27611830726,
      659027.4643352495
    ]
  ],
  [
    [
      -9.571128736063784,
      6.680650173449878,
      -4.955862930544399,
      0.05928163553794297,
      0.030374250874256527,
      5.591043670293229e-05,
      -4.795345528701407e-05,
      -9.951559187254735e-08,
      2.781288862880898e-08,
      3.310817547859367e-11,
      -5.349865408359655e-12
    ],
    [
      859801.5851443512,
      658949.9074495833
    ]
  ],
  [
    [
      -9.571128736063784,
      6.680650173449878,
      -4.955862930544399,
      0.05928163553794297,
      0.030374250874256527,
      5.591043670293229e-05,
      -4.800625649211208e-05,
      -9.951559187254735e-08,
      2.781288862880898e-08,
      3.310817547859367e-11,
      -5.349865408359655e-12
    ],
    [
      497267.27611830726,
      659027.4643352495
    ]
  ],
  [
    [
      -9.571128736063784,
      6.680650173449878,
      -4.955862930544399,
      0.05928163553794297,
      0.030374250874256527,
      5.591043670293229e-05,
      -4.800625649211208e-05,
      -9.951559187254735e-08,
      2.781288862880898e-08,
      3.310817547859367e-11,
      -5.349865408359655e-12
    ],
    [
      497267.27611830726,
      659027.4643352495
    ]
  ],
  [
    [
      -9.571128736063784,
      6.680650173449878,
      -4.955862930544399,
      0.05928163553794297,
      0.0303590408304159,
      5.591043670293229e-05,
      -4.800625649211208e-05,
      -9.951559187254735e-08,
      2.781288862880898e-08,
      3.310817547859367e-11,
      -5.349865408359655e-12
    ],
    [
      460391.44394685316,
      673684.8533780011
    ]
  ],
  [
    [
      -9.571128736063784,
      6.680650173449878,
      -4.955862930544399,
      0.05928163553794297,
      0.030374250874256527,
      5.591043670293229e-05,
      -4.800625649211208e-05,
      -9.951559187254735e-08,
      2.781288862880898e-08,
      3.310817547859367e-11,
      -5.349865408359655e-12
    ],
    [
      497267.27611830726,
      659027.4643352495
    ]
  ],
  [
    [
      -9.571128736063784,
      6.680650173449878,
      -4.955862930544399,
      0.05928163553794297,
      0.030374250874256527,
      5.591043670293229e-05,
      -4.800625649211208e-05,
      -9.951559187254735e-08,
      2.781288862880898e-08,
      3.310817547859367e-11,
      -5.349865408359655e-12
    ],
    [
      497267.27611830726,
      659027.4643352495
    ]
  ],
  [
    [
      -9.571128736063784,
      6.680650173449878,
      -4.955862930544399,
      0.05928163553794297,
      0.030374250874256527,
      5.591043670293229e-05,
      -4.800625649211208e-05,
      -9.951559187254735e-08,
      2.781288862880898e-08,
      3.310382595038441e-11,
      -5.349865408359655e-12
    ],
    [
      498165.8535611245,
      656513.817174162
    ]
  ],
  [
    [
      -9.571128736063784,
      6.680650173449878,
      -4.955862930544399,
      0.05928163553794297,
      0.030374250874256527,
      5.586084296908277e-05,
      -4.800625649211208e-05,
      -9.951559187254735e-08,
      2.781288862880898e-08,
      3.310817547859367e-11,
      -5.349865408359655e-12
    ],
    [
      499526.3040647005,
      653913.512319747
    ]
  ],
  [
    [
      -9.571128736063784,
      6.680650173449878,
      -4.955862930544399,
      0.05928163553794297,
      0.030374250874256527,
      5.591043670293229e-05,
      -4.800625649211208e-05,
      -9.94468293114703e-08,
      2.781288862880898e-08,
      3.310817547859367e-11,
      -5.349865408359655e-12
    ],
    [
      490880.1240710063,
      676468.609271442
    ]
  ],
  [
    [
      -9.571128736063784,
      6.680650173449878,
      -4.958927791626698,
      0.05928163553794297,
      0.030374250874256527,
      5.591043670293229e-05,
      -4.800625649211208e-05,
      -9.951559187254735e-08,
      2.781288862880898e-08,
      3.310817547859367e-11,
      -5.349865408359655e-12
    ],
    [
      493798.5318864925,
      659761.0421547708
    ]
  ],
  [
    [
      -9.571128736063784,
      6.680650173449878,
      -4.955862930544399,
      0.05928163553794297,
      0.030374250874256527,
      5.591043670293229e-05,
      -4.800625649211208e-05,
      -9.951559187254735e-08,
      2.781288862880898e-08,
      3.310817547859367e-11,
      -5.349865408359655e-12
    ],
    [
      497267.27611830726,
      659027.4643352495
    ]
  ],
  [
    [
      -9.571128736063784,
      6.680650173449878,
      -4.955862930544399,
      0.05928163553794297,
      0.030374250874256527,
      5.589025433395724e-05,
      -4.800625649211208e-05,
      -9.951559187254735e-08,
      2.781288862880898e-08,
      3.310817547859367e-11,
      -5.349865408359655e-12
    ],
    [
      498179.11504356156,
      656936.0668031694
    ]
  ],
  [
    [
      -9.571128736063784,
      6.680650173449878,
      -4.955862930544399,
      0.05928163553794297,
      0.030374250874256527,
      5.591043670293229e-05,
      -4.800625649211208e-05,
      -9.951559187254735e-08,
      2.781288862880898e-08,
      3.310817547859367e-11,
      -5.349865408359655e-12
    ],
    [
      497267.27611830726,
      659027.4643352495
    ]
  ],
  [
    [
      -9.571128736063784,
      6.680650173449878,
      -4.955862930544399,
      0.05928163553794297,
      0.030374250874256527,
      5.5996634096071986e-05,
      -4.800625649211208e-05,
      -9.951559187254735e-08,
      2.781288862880898e-08,
      3.310817547859367e-11,
      -5.349865408359655e-12
    ],
    [
      493488.45350175694,
      668118.0724273161
    ]
  ],
  [
    [
      -9.571128736063784,
      6.680650173449878,
      -4.955862930544399,
      0.05928163553794297,
      0.030374250874256527,
      5.591043670293229e-05,
      -4.800625649211208e-05,
      -9.936032606601987e-08,
      2.781288862880898e-08,
      3.310817547859367e-11,
      -5.349865408359655e-12
    ],
    [
      483604.70869043545,
      699451.3746679222
    ]
  ],
  [
    [
      -9.571128736063784,
      6.680650173449878,
      -4.955862930544399,
      0.05928163553794297,
      0.030374250874256527,
      5.591043670293229e-05,
      -4.7991567179421974e-05,
      -9.951559187254735e-08,
      2.781288862880898e-08,
      3.310817547859367e-11,
      -5.349865408359655e-12
    ],
    [
      583257.8109468946,
      638613.2919846249
    ]
  ],
  [
    [
      -9.571128736063784,
      6.680650173449878,
      -4.955862930544399,
      0.05928163553794297,
      0.030374250874256527,
      5.591043670293229e-05,
      -4.800625649211208e-05,
      -9.951559187254735e-08,
      2.781288862880898e-08,
      3.310817547859367e-11,
      -5.349865408359655e-12
    ],
    [
      497267.27611830726,
      659027.4643352495
    ]
  ],
  [
    [
      -9.571128736063784,
      6.680650173449878,
      -4.955862930544399,
      0.05928163553794297,
      0.030374250874256527,
      5.591043670293229e-05,
      -4.800625649211208e-05,
      -9.951559187254735e-08,
      2.781288862880898e-08,
      3.310817547859367e-11,
      -5.349865408359655e-12
    ],
    [
      497267.27611830726,
      659027.4643352495
    ]
  ],
  [
    [
      -9.571128736063784,
      6.680650173449878,
      -4.955862930544399,
      0.05928163553794297,
      0.030374250874256527,
      5.591043670293229e-05,
      -4.800625649211208e-05,
      -9.951559187254735e-08,
      2.781288862880898e-08,
      3.310817547859367e-11,
      -5.349865408359655e-12
    ],
    [
      497267.27611830726,
      659027.4643352495
    ]
  ],
  [
    [
      -9.571128736063784,
      6.680650173449878,
      -4.955862930544399,
      0.05928163553794297,
      0.030374250874256527,
      5.591043670293229e-05,
      -4.800625649211208e-05,
      -9.938866877287704e-08,
      2.781288862880898e-08,
      3.310817547859367e-11,
      -5.349865408359655e-12
    ],
    [
      485895.2616164457,
      691793.22757674
    ]
  ],
  [
    [
      -9.571128736063784,
      6.680650173449878,
      -4.955862930544399,
      0.05928163553794297,
      0.030374250874256527,
      5.591043670293229e-05,
      -4.8014079567965604e-05,
      -9.951559187254735e-08,
      2.781288862880898e-08,
      3.310817547859367e-11,
      -5.349865408359655e-12
    ],
    [
      456148.172923291,
      676314.616016816
    ]
  ],
  [
    [
      -9.571128736063784,
      6.680650173449878,
      -4.955862930544399,
      0.05928163553794297,
      0.030416088005604403,
      5.591043670293229e-05,
      -4.800625649211208e-05,
      -9.951559187254735e-08,
      2.781288862880898e-08,
      3.310817547859367e-11,
      -5.349865408359655e-12
    ],
    [
      613215.9685517438,
      638507.5499295187
    ]
  ],
  [
    [
      -9.571128736063784,
      6.680650173449878,
      -4.955862930544399,
      0.05928163553794297,
      0.030374250874256527,
      5.591043670293229e-05,
      -4.800625649211208e-05,
      -9.951559187254735e-08,
      2.781288862880898e-08,
      3.310817547859367e-11,
      -5.349865408359655e-12
    ],
    [
      497267.27611830726,
      659027.4643352495
    ]
  ],
  [
    [
      -9.571128736063784,
      6.680650173449878,
      -4.955862930544399,
      0.05928163553794297,
      0.030374250874256527,
      5.591043670293229e-05,
      -4.800625649211208e-05,
      -9.951559187254735e-08,
      2.781288862880898e-08,
      3.308485237812215e-11,
      -5.349865408359655e-12
    ],
    [
      502201.43966491055,
      645708.1634124818
    ]
  ],
  [
    [
      -9.571128736063784,
      6.680650173449878,
      -4.955862930544399,
      0.05928163553794297,
      0.030374250874256527,
      5.591043670293229e-05,
      -4.800625649211208e-05,
      -9.951559187254735e-08,
      2.781288862880898e-08,
      3.310817547859367e-11,
      -5.349865408359655e-12
    ],
    [
      497267.27611830726,
      659027.4643352495
    ]
  ],
  [
    [
      -9.571128736063784,
      6.680650173449878,
      -4.955862930544399,
      0.05927693548948333,
      0.030374250874256527,
      5.591043670293229e-05,
      -4.800625649211208e-05,
      -9.951559187254735e-08,
      2.781288862880898e-08,
      3.310817547859367e-11,
      -5.349865408359655e-12
    ],
    [
      497362.16800552746,
      658835.9159454416
    ]
  ],
  [
    [
      -9.571128736063784,
      6.680650173449878,
      -4.955862930544399,
      0.05928163553794297,
      0.030374250874256527,
      5.591043670293229e-05,
      -4.800625649211208e-05,
      -9.951559187254735e-08,
      2.781288862880898e-08,
      3.310817547859367e-11,
      -5.349865408359655e-12
    ],
    [
      497267.27611830726,
      659027.4643352495
    ]
  ],
  [
    [
      -9.571128736063784,
      6.684270503811557,
      -4.955862930544399,
      0.05928163553794297,
      0.030374250874256527,
      5.591043670293229e-05,
      -4.800625649211208e-05,
      -9.951559187254735e-08,
      2.781288862880898e-08,
      3.310817547859367e-11,
      -5.349865408359655e-12
    ],
    [
      497236.91266067914,
      659069.5274512662
    ]
  ],
  [
    [
      -9.571128736063784,
      6.680650173449878,
      -4.962238357677258,
      0.05928163553794297,
      0.030374250874256527,
      5.591043670293229e-05,
      -4.800625649211208e-05,
      -9.951559187254735e-08,
      2.781288862880898e-08,
      3.310817547859367e-11,
      -5.349865408359655e-12
    ],
    [
      490084.7775671305,
      660597.1633134881
    ]
  ],
  [
    [
      -9.571128736063784,
      6.680650173449878,
      -4.955862930544399,
      0.05928163553794297,
      0.030374250874256527,
      5.591043670293229e-05,
      -4.800625649211208e-05,
      -9.951559187254735e-08,
      2.781288862880898e-08,
      3.310817547859367e-11,
      -5.349865408359655e-12
    ],
    [
      497267.27611830726,
      659027.4643352495
    ]
  ]
]