[
  [
    [
      -9.571128736063784,
      -2.2260835745644565,
      -5.820041831141163,
      0.06093603026814524,
      0.038125914277766536,
      9.011058977646077e-05,
      -6.048471019334063e-05,
      -1.1690661879776077e-07,
      3.477769440982139e-08,
      3.374094488710109e-11,
      -6.632668456146716e-12
    ],
    [
      658357.0961871841,
      663995.313111364
    ]
  ],
  [
    [
      -9.732823653917643,
      -1.768443135862682,
      -5.853292274526514,
      0.061296903606415425,
      0.038125914277766536,
      9.001052501736014e-05,
      -6.048471019334063e-05,
      -1.1690661879776077e-07,
      3.477769440982139e-08,
      3.374094488710109e-11,
      -6.632668456146716e-12
    ],
    [
      639430.6462156895,
      670357.6850798082
    ]
  ],
  [
    [
      -9.766421601005883,
      -2.185909577077915,
      -5.820041831141163,
      0.061296903606415425,
      0.038125914277766536,
      9.001052501736014e-05,
      -6.048471019334063e-05,
      -1.1690661879776077e-07,
      3.477769440982139e-08,
      3.374094488710109e-11,
      -6.632668456146716e-12
    ],
    [
      656055.8301280409,
      665132.8646966412
    ]
  ],
  [
    [
      -9.766421601005883,
      -2.185909577077915,
      -5.820041831141163,
      0.061296903606415425,
      0.038125914277766536,
      9.001052501736014e-05,
      -6.048471019334063e-05,
      -1.1690661879776077e-07,
      3.477769440982139e-08,
      3.374094488710109e-11,
      -6.632668456146716e-12
    ],
    [
      656055.8301280409,
      665132.8646966412
    ]
  ],
  [
    [
      -9.571128736063784,
      -1.8896222233371103,
      -5.853292274526514,
      0.061296903606415425,
      0.038125914277766536,
      9.001052501736014e-05,
      -6.048471019334063e-05,
      -1.1690661879776077e-07,
      3.477769440982139e-08,
      3.374094488710109e-11,
      -6.632668456146716e-12
    ],
    [
      640026.712555442,
      670546.3834663101
    ]
  ],
  [
    [
      -9.571128736063784,
      -2.1683566431817005,
      -5.820041831141163,
      0.061296903606415425,
      0.038125914277766536,
      9.001052501736014e-05,
      -6.048471019334063e-05,
      -1.1690661879776077e-07,
      3.477769440982139e-08,
      3.374094488710109e-11,
      -6.632668456146716e-12
    ],
    [
      655965.7735135328,
      665242.1867963414
    ]
  ],
  [
    [
      -9.571128736063784,
      -2.1683566431817005,
      -5.820041831141163,
      0.061296903606415425,
      0.038125914277766536,
      9.001052501736014e-05,
      -6.048471019334063e-05,
      -1.1690661879776077e-07,
      3.477769440982139e-08,
      3.374094488710109e-11,
      -6.632668456146716e-12
    ],
    [
      655965.7735135328,
      665242.1867963414
    ]
  ],
  [
    [
      -9.547100481251407,
      -1.8896222233371103,
      -5.853292274526514,
      0.061296903606415425,
      0.038125914277766536,
      9.001052501736014e-05,
      -6.048471019334063e-05,
      -1.1690661879776077e-07,
      3.477769440982139e-08,
      3.374094488710109e-11,
      -6.632668456146716e-12
    ],
    [
      640026.455288336,
      670558.9170564337
    ]
  ],
  [
    [
      -9.571128736063784,
      -2.185909577077915,
      -5.820041831141163,
      0.061296903606415425,
      0.038125914277766536,
      9.001052501736014e-05,
      -6.048471019334063e-05,
      -1.1690661879776077e-07,
      3.477769440982139e-08,
      3.374094488710109e-11,
      -6.632668456146716e-12
    ],
    [
      656065.6481247575,
      665249.5894972158
    ]
  ],
  [
    [
      -9.571128736063784,
      -2.185909577077915,
      -5.820041831141163,
      0.061296903606415425,
      0.038125914277766536,
      9.001052501736014e-05,
      -6.048471019334063e-05,
      -1.1690661879776077e-07,
      3.477769440982139e-08,
      3.374094488710109e-11,
      -6.632668456146716e-12
    ],
    [
      656065.6481247575,
      665249.5894972158
    ]
  ],
  [
    [
      -9.571128736063784,
      -2.185909577077915,
      -5.820041831141163,
      0.061296903606415425,
      0.038125914277766536,
      9.001052501736014e-05,
      -6.048471019334063e-05,
      -1.1690661879776077e-07,
      3.477769440982139e-08,
      3.374094488710109e-11,
      -6.632668456146716e-12
    ],
    [
      656065.6481247575,
      665249.5894972158
    ]
  ],
  [
    [
      -9.571128736063784,
      -2.185909577077915,
      -5.820041831141163,
      0.061296903606415425,
      0.038125914277766536,
      9.001052501736014e-05,
      -6.048471019334063e-05,
      -1.1690661879776077e-07,
      3.477769440982139e-08,
      3.374094488710109e-11,
      -6.632668456146716e-12
    ],
    [
      656065.6481247575,
      665249.5894972158
    ]
  ],
  [
    [
      -9.571128736063784,
      -2.185909577077915,
      -5.820041831141163,
      0.061296903606415425,
      0.038125914277766536,
      9.001052501736014e-05,
      -6.048471019334063e-05,
      -1.1690661879776077e-07,
      3.477769440982139e-08,
      3.374094488710109e-11,
      -6.632668456146716e-12
    ],
    [
      656065.6481247575,
      665249.5894972158
    ]
  ],
  [
    [
      -9.571128736063784,
      -2.185909577077915,
      -5.820041831141163,
      0.061296903606415425,
      0.038125914277766536,
      9.001052501736014e-05,
      -6.048471019334063e-05,
      -1.1690661879776077e-07,
      3.477769440982139e-08,
      3.374094488710109e-11,
      -6.632668456146716e-12
    ],
    [
      656065.6481247575,
      665249.5894972158
    ]
  ],
  [
    [
      -9.571128736063784,
      -2.185909577077915,
      -5.820041831141163,
      0.061296903606415425,
      0.038125914277766536,
      9.001052501736014e-05,
      -6.048471019334063e-05,
      -1.1690661879776077e-07,
      3.477769440982139e-08,
      3.374094488710109e-11,
      -6.632668456146716e-12
    ],
    [
      656065.6481247575,
      665249.5894972158
    ]
  ],
  [
    [
      -9.571128736063784,
      -2.185909577077915,
      -5.820041831141163,
      0.061296903606415425,
      0.038125914277766536,
      9.001052501736014e-05,
      -6.048471019334063e-05,
      -1.1690661879776077e-07,
      3.477769440982139e-08,
      3.374094488710109e-11,
      -6.632668456146716e-12
    ],
    [
      656065.6481247575,
      665249.5894972158
    ]
  ],
  [
    [
      -9.571128736063784,
      -2.185909577077915,
      -5.820041831141163,
      0.061296903606415425,
      0.038125914277766536,
      9.001052501736014e-05,
      -6.048471019334063e-05,
      -1.1690661879776077e-07,
      3.477769440982139e-08,
      3.374094488710109e-11,
      -6.632668456146716e-12
    ],
    [
      656065.6481247575,
      665249.5894972158
    ]
  ],
  [
    [
      -9.571128736063784,
      -2.185909577077915,
      -5.820041831141163,
      0.061296903606415425,
      0.038125914277766536,
      9.001052501736014e-05,
      -6.048471019334063e-05,
      -1.1690661879776077e-07,
      3.477769440982139e-08,
      3.374094488710109e-11,
      -6.632668456146716e-12
    ],
    [
      656065.6481247575,
      665249.5894972158
    ]
  ],
  [
    [
      -9.571128736063784,
      -2.185909577077915,
      -5.820041831141163,
      0.061296903606415425,
      0.038125914277766536,
      9.001052501736014e-05,
      -6.048471019334063e-05,
      -1.1690661879776077e-07,
      3.477769440982139e-08,
      3.374094488710109e-11,
      -6.632668456146716e-12
    ],
    [
      656065.6481247575,
      665249.5894972158
    ]
  ],
  [
    [
      -9.571128736063784,
      -2.185909577077915,
      -5.820041831141163,
      0.061296903606415425,
      0.038125914277766536,
      9.001052501736014e-05,
      -6.048471019334063e-05,
      -1.1690661879776077e-07,
      3.477769440982139e-08,
      3.374094488710109e-11,
      -6.632668456146716e-12
    ],
    [
      656065.6481247575,
      665249.5894972158
    ]
  ],
  [
    [
      -9.524348174082633,
      -2.185909577077915,
      -5.820041831141163,
      0.061296903606415425,
      0.038125914277766536,
      9.001052501736014e-05,
      -6.048471019334063e-05,
      -1.1690661879776077e-07,
      3.477769440982139e-08,
      3.374094488710109e-11,
      -6.632668456146716e-12
    ],
    [
      656068.0112575094,
      665277.5611454847
    ]
  ],
  [
    [
      -9.524348174082633,
      -2.185909577077915,
      -5.820041831141163,
      0.061296903606415425,
      0.038125914277766536,
      9.001052501736014e-05,
      -6.048471019334063e-05,
      -1.1690661879776077e-07,
      3.477769440982139e-08,
      3.374094488710109e-11,
      -6.632668456146716e-12
    ],
    [
      656068.0112575094,
      665277.5611454847
    ]
  ],
  [
    [
      -9.498960693851451,
      -2.185909577077915,
      -5.820041831141163,
      0.061296903606415425,
      0.038125914277766536,
      9.001052501736014e-05,
      -6.048471019334063e-05,
      -1.1690661879776077e-07,
      3.477769440982139e-08,
      3.374094488710109e-11,
      -6.632668456146716e-12
    ],
    [
      656069.2955450959,
      665292.7429934032
    ]
  ],
  [
    [
      -9.476045195274038,
      -2.185909577077915,
      -5.820041831141163,
      0.061296903606415425,
      0.038125914277766536,
      9.001052501736014e-05,
      -6.048471019334063e-05,
      -1.1690661879776077e-07,
      3.477769440982139e-08,
      3.374094488710109e-11,
      -6.632668456146716e-12
    ],
    [
      656070.4558883663,
      665306.4476900536
    ]
  ],
  [
    [
      -9.464043895960431,
      -2.185909577077915,
      -5.820041831141163,
      0.061296903606415425,
      0.038125914277766536,
      9.001052501736014e-05,
      -6.048471019334063e-05,
      -1.1690661879776077e-07,
      3.477769440982139e-08,
      3.374094488710109e-11,
      -6.632668456146716e-12
    ],
    [
      656071.0640020987,
      665313.625529485
    ]
  ],
  [
    [
      -9.571128736063784,
      -2.218612701247425,
      -5.820041831141163,
      0.061296903606415425,
      0.038125914277766536,
      9.001052501736014e-05,
      -6.048471019334063e-05,
      -1.1690661879776077e-07,
      3.477769440982139e-08,
      3.374094488710109e-11,
      -6.632668456146716e-12
    ],
    [
      656253.2145581865,
      665265.3591066827
    ]
  ],
  [
    [
      -9.439247446234244,
      -2.185909577077915,
      -5.820041831141163,
      0.061296903606415425,
      0.038125914277766536,
      9.001052501736014e-05,
      -6.048471019334063e-05,
      -1.1690661879776077e-07,
      3.477769440982139e-08,
      3.374094488710109e-11,
      -6.632668456146716e-12
    ],
    [
      656072.3213669858,
      665328.4569140165
    ]
  ],
  [
    [
      -9.439247446234244,
      -2.185909577077915,
      -5.820041831141163,
      0.061296903606415425,
      0.038125914277766536,
      9.001052501736014e-05,
      -6.048471019334063e-05,
      -1.1690661879776077e-07,
      3.477769440982139e-08,
      3.374094488710109e-11,
      -6.632668456146716e-12
    ],
    [
      656072.3213669858,
      665328.4569140165
    ]
  ],
  [
    [
      -9.439247446234244,
      -2.185909577077915,
      -5.820041831141163,
      0.061296903606415425,
      0.038125914277766536,
      9.001052501736014e-05,
      -6.048471019334063e-05,
      -1.1690661879776077e-07,
      3.477769440982139e-08,
      3.374094488710109e-11,
      -6.632668456146716e-12
    ],
    [
      656072.3213669858,
      665328.4569140165
    ]
  ],
  [
    [
      -9.439247446234244,
      -2.185909577077915,
      -5.820041831141163,
      0.061296903606415425,
      0.038125914277766536,
      9.001052501736014e-05,
      -6.048471019334063e-05,
      -1.1690661879776077e-07,
      3.477769440982139e-08,
      3.374094488710109e-11,
      -6.632668456146716e-12
    ],
    [
      656072.3213669858,
      665328.4569140165
    ]
  ],
  [
    [
      -9.439247446234244,
      -2.185909577077915,
      -5.820041831141163,
      0.061296903606415425,
      0.038125914277766536,
      9.001052501736014e-05,
      -6.048471019334063e-05,
      -1.1690661879776077e-07,
      3.477769440982139e-08,
      3.374094488710109e-11,
      -6.632668456146716e-12
    ],
    [
      656072.3213669858,
      665328.4569140165
    ]
  ],
  [
    [
      -9.439247446234244,
      -2.185909577077915,
      -5.820041831141163,
      0.061296903606415425,
      0.038125914277766536,
      9.001052501736014e-05,
      -6.048471019334063e-05,
      -1.1690661879776077e-07,
      3.477769440982139e-08,
      3.374094488710109e-11,
      -6.632668456146716e-12
    ],
    [
      656072.3213669858,
      665328.4569140165
    ]
  ],
  [
    [
      -9.439247446234244,
      -2.185909577077915,
      -5.820041831141163,
      0.061296903606415425,
      0.038125914277766536,
      9.001052501736014e-05,
      -6.048471019334063e-05,
      -1.1690661879776077e-07,
      3.477769440982139e-08,
      3.374094488710109e-11,
      -6.632668456146716e-12
    ],
    [
      656072.3213669858,
      665328.4569140165
    ]
  ],
  [
    [
      -9.439247446234244,
      -2.185909577077915,
      -5.820041831141163,
      0.061296903606415425,
      0.038125914277766536,
      9.001052501736014e-05,
      -6.048471019334063e-05,
      -1.1690661879776077e-07,
      3.477769440982139e-08,
      3.374094488710109e-11,
      -6.632668456146716e-12
    ],
    [
      656072.3213669858,
      665328.4569140165
    ]
  ],
  [
    [
      -9.439247446234244,
      -2.185909577077915,
      -5.820041831141163,
      0.061296903606415425,
      0.038125914277766536,
      9.001052501736014e-05,
      -6.048471019334063e-05,
      -1.1690661879776077e-07,
      3.477769440982139e-08,
      3.374094488710109e-11,
      -6.632668456146716e-12
    ],
    [
      656072.3213669858,
      665328.4569140165
    ]
  ],
  [
    [
      -9.439247446234244,
      -2.185909577077915,
      -5.820041831141163,
      0.061296903606415425,
      0.038125914277766536,
      9.001052501736014e-05,
      -6.048471019334063e-05,
      -1.1690661879776077e-07,
      3.477769440982139e-08,
      3.374094488710109e-11,
      -6.632668456146716e-12
    ],
    [
      656072.3213669858,
      665328.4569140165
    ]
  ],
  [
    [
      -9.435828549806594,
      -2.185909577077915,
      -5.820041831141163,
      0.061296903606415425,
      0.038125914277766536,
      9.001052501736014e-05,
      -6.048471019334063e-05,
      -1.1690661879776077e-07,
      3.477769440982139e-08,
      3.374094488710109e-11,
      -6.632668456146716e-12
    ],
    [
      656072.4948269981,
      665330.5019390286
    ]
  ],
  [
    [
      -9.439247446234244,
      -2.217307847302295,
      -5.820041831141163,
      0.061296903606415425,
      0.038125914277766536,
      9.001052501736014e-05,
      -6.048471019334063e-05,
      -1.1690661879776077e-07,
      3.477769440982139e-08,
      3.374094488710109e-11,
      -6.632668456146716e-12
    ],
    [
      656252.3803113301,
      665343.4959781029
    ]
  ],
  [
    [
      -9.30146657653808,
      -2.217716573080466,
      -5.820041831141163,
      0.061296903606415425,
      0.038125914277766536,
      9.001052501736014e-05,
      -6.048471019334063e-05,
      -1.1690661879776077e-07,
      3.477769440982139e-08,
      3.374094488710109e-11,
      -6.632668456146716e-12
    ],
    [
      656261.759218226,
      665426.0849403624
    ]
  ],
  [
    [
      -9.571128736063784,
      -2.061288321409031,
      -5.853292274526514,
      0.061296903606415425,
      0.038125914277766536,
      9.001052501736014e-05,
      -6.048471019334063e-05,
      -1.1690661879776077e-07,
      3.477769440982139e-08,
      3.374094488710109e-11,
      -6.632668456146716e-12
    ],
    [
      640919.2373405598,
      670754.3979641827
    ]
  ],
  [
    [
      -9.571128736063784,
      -2.1700467682868347,
      -5.820041831141163,
      0.061296903606415425,
      0.038125914277766536,
      9.001052501736014e-05,
      -6.048471019334063e-05,
      -1.1690661879776077e-07,
      3.477769440982139e-08,
      3.374094488710109e-11,
      -6.632668456146716e-12
    ],
    [
      655975.3658900714,
      665242.8673241019
    ]
  ],
  [
    [
      -9.766421601005883,
      -2.185909577077915,
      -5.820041831141163,
      0.061296903606415425,
      0.038125914277766536,
      9.001052501736014e-05,
      -6.048471019334063e-05,
      -1.1690661879776077e-07,
      3.477769440982139e-08,
      3.374094488710109e-11,
      -6.632668456146716e-12
    ],
    [
      656055.8301280409,
      665132.8646966412
    ]
  ],
  [
    [
      -9.439247446234244,
      -2.185909577077915,
      -5.820041831141163,
      0.061296903606415425,
      0.038125914277766536,
      9.001052501736014e-05,
      -6.057153722861684e-05,
      -1.1690661879776077e-07,
      3.477769440982139e-08,
      3.374094488710109e-11,
      -6.632668456146716e-12
    ],
    [
      591905.8230820071,
      1112319.832565381
    ]
  ],
  [
    [
      -9.571128736063784,
      -1.8896222233371103,
      -5.853292274526514,
      0.061296903606415425,
      0.038125914277766536,
      9.001052501736014e-05,
      -6.062370761940834e-05,
      -1.1690661879776077e-07,
      3.477769440982139e-08,
      3.374094488710109e-11,
      -6.632668456146716e-12
    ],
    [
      785467.475898592,
      1721643.9474135458
    ]
  ],
  [
    [
      -9.571128736063784,
      -2.185909577077915,
      -5.820041831141163,
      0.061238042465214235,
      0.038125914277766536,
      9.001052501736014e-05,
      -6.048471019334063e-05,
      -1.1690661879776077e-07,
      3.477769440982139e-08,
      3.374094488710109e-11,
      -6.632668456146716e-12
    ],
    [
      657493.6325634172,
      664003.865765975
    ]
  ],
  [
    [
      -9.439247446234244,
      -2.185909577077915,
      -5.820041831141163,
      0.061296903606415425,
      0.038125914277766536,
      9.001052501736014e-05,
      -6.048471019334063e-05,
      -1.1690661879776077e-07,
      3.477769440982139e-08,
      3.374094488710109e-11,
      -6.631535530722272e-12
    ],
    [
      674276.5612008362,
      655184.7280769099
    ]
  ],
  [
    [
      -9.571128736063784,
      -2.058940056444476,
      -5.853292274526514,
      0.061296903606415425,
      0.038125914277766536,
      9.001052501736014e-05,
      -6.048471019334063e-05,
      -1.1690661879776077e-07,
      3.477769440982139e-08,
      3.374094488710109e-11,
      -6.632668456146716e-12
    ],
    [
      640906.6681393775,
      670751.074075412
    ]
  ],
  [
    [
      -9.571128736063784,
      -2.2260835745644565,
      -5.820041831141163,
      0.06093603026814524,
      0.038125914277766536,
      9.011058977646077e-05,
      -6.048471019334063e-05,
      -1.1690661879776077e-07,
      3.477769440982139e-08,
      3.374094488710109e-11,
      -6.632668456146716e-12
    ],
    [
      658357.0961871841,
      663995.313111364
    ]
  ],
  [
    [
      -9.571128736063784,
      -2.185909577077915,
      -5.820041831141163,
      0.061296903606415425,
      0.038125914277766536,
      9.001052501736014e-05,
      -6.048471019334063e-05,
      -1.1690661879776077e-07,
      3.477769440982139e-08,
      3.374094488710109e-11,
      -6.632668456146716e-12
    ],
    [
      656065.6481247575,
      665249.5894972158
    ]
  ],
  [
    [
      -9.571128736063784,
      -2.1683566431817005,
      -5.820041831141163,
      0.061296903606415425,
      0.038125914277766536,
      9.001052501736014e-05,
      -6.048471019334063e-05,
      -1.1690661879776077e-07,
      3.477769440982139e-08,
      3.374094488710109e-11,
      -6.632179268678841e-12
    ],
    [
      663647.6682135037,
      660616.322419586
    ]
  ],
  [
    [
      -9.439247446234244,
      -2.185909577077915,
      -5.820041831141163,
      0.061296903606415425,
      0.038125914277766536,
      9.001052501736014e-05,
      -6.048471019334063e-05,
      -1.1690661879776077e-07,
      3.477769440982139e-08,
      3.374094488710109e-11,
      -6.623181919218999e-12
    ],
    [
      853398.5777652174,
      642514.5430909079
    ]
  ],
  [
    [
      -9.732823653917643,
      -1.768443135862682,
      -5.853292274526514,
      0.061296903606415425,
      0.038125914277766536,
      9.001052501736014e-05,
      -6.048471019334063e-05,
      -1.1690661879776077e-07,
      3.477769440982139e-08,
      3.374094488710109e-11,
      -6.632668456146716e-12
    ],
    [
      639430.6462156895,
      670357.6850798082
    ]
  ],
  [
    [
      -9.439247446234244,
      -2.185909577077915,
      -5.820041831141163,
      0.061296903606415425,
      0.038125914277766536,
      9.001052501736014e-05,
      -6.048471019334063e-05,
      -1.1690661879776077e-07,
      3.478836074643647e-08,
      3.374094488710109e-11,
      -6.632668456146716e-12
    ],
    [
      743939.0467581196,
      637060.8476733712
    ]
  ],
  [
    [
      -9.571128736063784,
      -2.185909577077915,
      -5.825212057786295,
      0.061296903606415425,
      0.038125914277766536,
      9.001052501736014e-05,
      -6.048471019334063e-05,
      -1.1690661879776077e-07,
      3.477769440982139e-08,
      3.374094488710109e-11,
      -6.632668456146716e-12
    ],
    [
      653588.9304134971,
      665835.1154482614
    ]
  ],
  [
    [
      -9.571128736063784,
      -2.185909577077915,
      -5.820041831141163,
      0.061296903606415425,
      0.038125914277766536,
      8.999236485482025e-05,
      -6.048471019334063e-05,
      -1.1690661879776077e-07,
      3.477769440982139e-08,
      3.374094488710109e-11,
      -6.632668456146716e-12
    ],
    [
      657291.3487132825,
      664108.3643834436
    ]
  ],
  [
    [
      -9.571128736063784,
      -2.185909577077915,
      -5.820041831141163,
      0.061296903606415425,
      0.038125914277766536,
      9.001052501736014e-05,
      -6.048471019334063e-05,
      -1.1690661879776077e-07,
      3.477769440982139e-08,
      3.3780548714517836e-11,
      -6.632668456146716e-12
    ],
    [
      641334.6649424301,
      680531.5208808568
    ]
  ],
  [
    [
      -9.439247446234244,
      -2.185909577077915,
      -5.820041831141163,
      0.061296903606415425,
      0.038125914277766536,
      9.001052501736014e-05,
      -6.048471019334063e-05,
      -1.1678641558730159e-07,
      3.477769440982139e-08,
      3.374094488710109e-11,
      -6.632668456146716e-12
    ],
    [
      637075.7293528671,
      685277.021105504
    ]
  ],
  [
    [
      -9.565262949986732,
      -2.185909577077915,
      -5.820041831141163,
      0.061296903606415425,
      0.038125914277766536,
      9.001052501736014e-05,
      -6.048471019334063e-05,
      -1.1690661879776077e-07,
      3.477769440982139e-08,
      3.374094488710109e-11,
      -6.632668456146716e-12
    ],
    [
      656065.9441965282,
      665253.0966051172
    ]
  ],
  [
    [
      -9.766421601005883,
      -2.185909577077915,
      -5.820041831141163,
      0.061296903606415425,
      0.038125914277766536,
      9.001052501736014e-05,
      -6.048471019334063e-05,
      -1.1690661879776077e-07,
      3.477769440982139e-08,
      3.374094488710109e-11,
      -6.632668456146716e-12
    ],
    [
      656055.8301280409,
      665132.8646966412
    ]
  ],
  [
    [
      -9.571128736063784,
      -2.185909577077915,
      -5.820041831141163,
      0.061296903606415425,
      0.038125914277766536,
      9.001052501736014e-05,
      -6.048471019334063e-05,
      -1.1690661879776077e-07,
      3.477769440982139e-08,
      3.374094488710109e-11,
      -6.632668456146716e-12
    ],
    [
      656065.6481247575,
      665249.5894972158
    ]
  ],
  [
    [
      -9.439247446234244,
      -2.185909577077915,
      -5.820041831141163,
      0.061296903606415425,
      0.038125914277766536,
      9.001052501736014e-05,
      -6.048471019334063e-05,
      -1.1690661879776077e-07,
      3.477769440982139e-08,
      3.374094488710109e-11,
      -6.632668456146716e-12
    ],
    [
      656072.3213669858,
      665328.4569140165
    ]
  ],
  [
    [
      -9.571128736063784,
      -2.185909577077915,
      -5.820041831141163,
      0.061296903606415425,
      0.038125914277766536,
      9.001052501736014e-05,
      -6.048471019334063e-05,
      -1.1690661879776077e-07,
      3.4802614321543123e-08,
      3.374094488710109e-11,
      -6.632668456146716e-12
    ],
    [
      904409.4917919363,
      658315.9889751484
    ]
  ],
  [
    [
      -9.439247446234244,
      -2.185909577077915,
      -5.820041831141163,
      0.061296903606415425,
      0.038125914277766536,
      9.001052501736014e-05,
      -6.0430375818623864e-05,
      -1.1690661879776077e-07,
      3.477769440982139e-08,
      3.374094488710109e-11,
      -6.632668456146716e-12
    ],
    [
      899902.8766134139,
      664995.2464364269
    ]
  ],
  [
    [
      -9.439247446234244,
      -2.185909577077915,
      -5.820041831141163,
      0.061296903606415425,
      0.038125914277766536,
      9.001052501736014e-05,
      -6.0528409377675626e-05,
      -1.1690661879776077e-07,
      3.477769440982139e-08,
      3.374094488710109e-11,
      -6.632668456146716e-12
    ],
    [
      573730.5416828457,
      821644.5968824459
    ]
  ],
  [
    [
      -9.58961409212183,
      -1.8896222233371103,
      -5.820041831141163,
      0.061296903606415425,
      0.038125914277766536,
      9.001052501736014e-05,
      -6.048471019334063e-05,
      -1.1690661879776077e-07,
      3.477769440982139e-08,
      3.374094488710109e-11,
      -6.632668456146716e-12
    ],
    [
      654453.6857912422,
      665212.882503128
    ]
  ],
  [
    [
      -9.439247446234244,
      -2.185909577077915,
      -5.853292274526514,
      0.061296903606415425,
      0.038125914277766536,
      9.001052501736014e-05,
      -6.048471019334063e-05,
      -1.1690661879776077e-07,
      3.477769440982139e-08,
      3.374094488710109e-11,
      -6.632668456146716e-12
    ],
    [
      641599.3398993555,
      671018.1486824363
    ]
  ],
  [
    [
      -9.464043895960431,
      -2.185909577077915,
      -5.820041831141163,
      0.061296903606415425,
      0.038125914277766536,
      9.001052501736014e-05,
      -6.048471019334063e-05,
      -1.1690661879776077e-07,
      3.477769440982139e-08,
      3.374094488710109e-11,
      -6.632668456146716e-12
    ],
    [
      656071.0640020987,
      665313.625529485
    ]
  ],
  [
    [
      -9.439247446234244,
      -2.185909577077915,
      -4.932331230919491,
      0.061296903606415425,
      0.038125914277766536,
      9.001052501736014e-05,
      -6.048471019334063e-05,
      -1.1690661879776077e-07,
      3.477769440982139e-08,
      3.374094488710109e-11,
      -6.632668456146716e-12
    ],
    [
      2323564.1696449397,
      2207437.7908161087
    ]
  ],
  [
    [
      -9.571128736063784,
      -2.185909577077915,
      -5.820041831141163,
      0.061296903606415425,
      0.038201972927763096,
      9.001052501736014e-05,
      -6.048471019334063e-05,
      -1.1690661879776077e-07,
      3.477769440982139e-08,
      3.374094488710109e-11,
      -6.632668456146716e-12
    ],
    [
      788287.7170348847,
      651758.6942424207
    ]
  ],
  [
    [
      -9.439247446234244,
      -2.185909577077915,
      -5.820041831141163,
      0.061296903606415425,
      0.038125914277766536,
      9.001052501736014e-05,
      -6.048471019334063e-05,
      -1.1706696785997558e-07,
      3.477769440982139e-08,
      3.374094488710109e-11,
      -6.632668456146716e-12
    ],
    [
      683957.744967055,
      642206.917363901
    ]
  ],
  [
    [
      -9.524348174082633,
      -2.185909577077915,
      -5.820041831141163,
      0.061296903606415425,
      0.038125914277766536,
      9.001052501736014e-05,
      -6.048471019334063e-05,
      -1.1690661879776077e-07,
      3.477769440982139e-08,
      3.374094488710109e-11,
      -6.632668456146716e-12
    ],
    [
      656068.0112575094,
      665277.5611454847
    ]
  ],
  [
    [
      -9.766421601005883,
      -2.185909577077915,
      -5.820041831141163,
      0.061296903606415425,
      0.038125914277766536,
      9.001052501736014e-05,
      -6.048471019334063e-05,
      -1.1690661879776077e-07,
      3.477769440982139e-08,
      3.374094488710109e-11,
      -6.632668456146716e-12
    ],
    [
      656055.8301280409,
      665132.8646966412
    ]
  ],
  [
    [
      -9.55673364430608,
      -2.185909577077915,
      -5.820041831141163,
      0.061296903606415425,
      0.038125914277766536,
      9.001052501736014e-05,
      -6.048471019334063e-05,
      -1.1690661879776077e-07,
      3.477769440982139e-08,
      3.374094488710109e-11,
      -6.632668456146716e-12
    ],
    [
      656066.3748305201,
      665258.1963334472
    ]
  ],
  [
    [
      -9.571128736063784,
      -2.185909577077915,
      -5.820041831141163,
      0.061296903606415425,
      0.038125914277766536,
      9.001052501736014e-05,
      -6.048471019334063e-05,
      -1.1690661879776077e-07,
      3.477769440982139e-08,
      3.374094488710109e-11,
      -6.632668456146716e-12
    ],
    [
      656065.6481247575,
      665249.5894972158
    ]
  ],
  [
    [
      -9.571128736063784,
      -2.185909577077915,
      -5.820041831141163,
      0.061296903606415425,
      0.038125914277766536,
      8.980445855655385e-05,
      -6.048471019334063e-05,
      -1.1690661879776077e-07,
      3.477769440982139e-08,
      3.374094488710109e-11,
      -6.632668456146716e-12
    ],
    [
      670461.9196235787,
      652968.8191459618
    ]
  ],
  [
    [
      -9.524348174082633,
      -1.8896222233371103,
      -5.8647186482827545,
      0.061296903606415425,
      0.038125914277766536,
      9.001052501736014e-05,
      -6.048471019334063e-05,
      -1.1690661879776077e-07,
      3.477769440982139e-08,
      3.374094488710109e-11,
      -6.632668456146716e-12
    ],
    [
      635867.1064005158,
      673456.2905035682
    ]
  ],
  [
    [
      -9.571128736063784,
      -2.1899093665858627,
      -5.820041831141163,
      0.061296903606415425,
      0.038125914277766536,
      9.001052501736014e-05,
      -6.048471019334063e-05,
      -1.1690661879776077e-07,
      3.477769440982139e-08,
      3.374094488710109e-11,
      -6.632668456146716e-12
    ],
    [
      656088.4846466824,
      665251.3800770426
    ]
  ],
  [
    [
      -9.439247446234244,
      -2.185909577077915,
      -5.820041831141163,
      0.061296903606415425,
      0.038125914277766536,
      9.001052501736014e-05,
      -6.048471019334063e-05,
      -1.1690661879776077e-07,
      3.477769440982139e-08,
      3.374094488710109e-11,
      -6.632668456146716e-12
    ],
    [
      656072.3213669858,
      665328.4569140165
    ]
  ],
  [
    [
      -9.571128736063784,
      -2.185909577077915,
      -5.820041831141163,
      0.061296903606415425,
      0.038125914277766536,
      9.001052501736014e-05,
      -6.048471019334063e-05,
      -1.1690661879776077e-07,
      3.477769440982139e-08,
      3.374094488710109e-11,
      -6.632668456146716e-12
    ],
    [
      656065.6481247575,
      665249.5894972158
    ]
  ],
  [
    [
      -9.547495976425344,
      -2.185909577077915,
      -5.820041831141163,
      0.061296903606415425,
      0.038125914277766536,
      9.001052501736014e-05,
      -6.048471019334063e-05,
      -1.1690661879776077e-07,
      3.477769440982139e-08,
      3.374094488710109e-11,
      -6.632668456146716e-12
    ],
    [
      656066.8413929424,
      665263.7197603052
    ]
  ],
  [
    [
      -9.565262949986732,
      -2.185909577077915,
      -5.820041831141163,
      0.061296903606415425,
      0.038125914277766536,
      9.001052501736014e-05,
      -6.048471019334063e-05,
      -1.1690661879776077e-07,
      3.477769440982139e-08,
      3.374094488710109e-11,
      -6.632668456146716e-12
    ],
    [
      656065.9441965282,
      665253.0966051172
    ]
  ],
  [
    [
      -9.571128736063784,
      -2.185909577077915,
      -5.820041831141163,
      0.061296903606415425,
      0.038125914277766536,
      9.001052501736014e-05,
      -6.048471019334063e-05,
      -1.1690661879776077e-07,
      3.477769440982139e-08,
      3.374094488710109e-11,
      -6.632668456146716e-12
    ],
    [
      656065.6481247575,
      665249.5894972158
    ]
  ],
  [
    [
      -9.439247446234244,
      -2.185909577077915,
      -5.820041831141163,
      0.061296903606415425,
      0.038125914277766536,
      9.001052501736014e-05,
      -6.0430375818623864e-05,
      -1.1690661879776077e-07,
      3.477769440982139e-08,
      3.374094488710109e-11,
      -6.632668456146716e-12
    ],
    [
      899902.8766134139,
      664995.2464364269
    ]
  ],
  [
    [
      -9.439247446234244,
      -2.1822994335133736,
      -5.820041831141163,
      0.061296903606415425,
      0.038125914277766536,
      9.001052501736014e-05,
      -6.048471019334063e-05,
      -1.1706696785997558e-07,
      3.477769440982139e-08,
      3.374094488710109e-11,
      -6.632668456146716e-12
    ],
    [
      683930.1142920501,
      642195.7368391745
    ]
  ],
  [
    [
      -9.464043895960431,
      -2.185909577077915,
      -5.820041831141163,
      0.061296903606415425,
      0.03819846177897844,
      9.001052501736014e-05,
      -6.048471019334063e-05,
      -1.1690661879776077e-07,
      3.477769440982139e-08,
      3.374094488710109e-11,
      -6.632668456146716e-12
    ],
    [
      780664.2492061324,
      650364.8260904803
    ]
  ],
  [
    [
      -9.766421601005883,
      -2.185909577077915,
      -5.820041831141163,
      0.061296903606415425,
      0.03815070552963326,
      9.001052501736014e-05,
      -6.048471019334063e-05,
      -1.1690661879776077e-07,
      3.477769440982139e-08,
      3.374094488710109e-11,
      -6.632668456146716e-12
    ],
    [
      691407.5448278158,
      650172.9302380981
    ]
  ],
  [
    [
      -9.571128736063784,
      -2.185909577077915,
      -5.820041831141163,
      0.061296903606415425,
      0.038125914277766536,
      9.001052501736014e-05,
      -6.048471019334063e-05,
      -1.1690661879776077e-07,
      3.478836074643647e-08,
      3.374094488710109e-11,
      -6.632668456146716e-12
    ],
    [
      743915.2610670818,
      636958.6438835751
    ]
  ],
  [
    [
      -9.439247446234244,
      -2.185909577077915,
      -5.820041831141163,
      0.061296903606415425,
      0.038125914277766536,
      9.010440785136275e-05,
      -6.048471019334063e-05,
      -1.1690661879776077e-07,
      3.477769440982139e-08,
      3.3780548714517836e-11,
      -6.632668456146716e-12
    ],
    [
      635558.3102320404,
      687270.8253823796
    ]
  ],
  [
    [
      -9.439247446234244,
      -2.185909577077915,
      -5.820041831141163,
      0.061296903606415425,
      0.038125914277766536,
      9.001052501736014e-05,
      -6.048471019334063e-05,
      -1.1706696785997558e-07,
      3.477769440982139e-08,
      3.374094488710109e-11,
      -6.6452215089665186e-12
    ],
    [
      584624.6820876633,
      891134.2974643527
    ]
  ],
  [
    [
      -9.439247446234244,
      -2.185909577077915,
      -5.820041831141163,
      0.061296903606415425,
      0.038125914277766536,
      9.001052501736014e-05,
      -6.042528161169641e-05,
      -1.1690661879776077e-07,
      3.477769440982139e-08,
      3.374094488710109e-11,
      -6.632668456146716e-12
    ],
    [
      930802.9821214784,
      675991.6430417455
    ]
  ],
  [
    [
      -9.439247446234244,
      -2.185909577077915,
      -5.853292274526514,
      0.061296903606415425,
      0.038125914277766536,
      9.001052501736014e-05,
      -6.048471019334063e-05,
      -1.1695037494680782e-07,
      3.477769440982139e-08,
      3.374094488710109e-11,
      -6.632179268678841e-12
    ],
    [
      655775.3285395808,
      658810.3142744295
    ]
  ],
  [
    [
      -9.571128736063784,
      -2.1683566431817005,
      -5.820041831141163,
      0.061296903606415425,
      0.038125914277766536,
      9.001052501736014e-05,
      -6.048471019334063e-05,
      -1.1690661879776077e-07,
      3.477769440982139e-08,
      3.3705089360937444e-11,
      -6.632668456146716e-12
    ],
    [
      669994.688347717,
      652359.5362549629
    ]
  ],
  [
    [
      -9.524348174082633,
      -1.8896222233371103,
      -5.8647186482827545,
      0.061296903606415425,
      0.038125914277766536,
      9.001052501736014e-05,
      -6.048471019334063e-05,
      -1.1690661879776077e-07,
      3.477769440982139e-08,
      3.374094488710109e-11,
      -6.632668456146716e-12
    ],
    [
      635867.1064005158,
      673456.2905035682
    ]
  ],
  [
    [
      -9.547495976425344,
      -2.185909577077915,
      -5.820041831141163,
      0.061296903606415425,
      0.038125914277766536,
      9.001052501736014e-05,
      -6.0628923911622416e-05,
      -1.1690661879776077e-07,
      3.477769440982139e-08,
      3.374094488710109e-11,
      -6.632668456146716e-12
    ],
    [
      769354.7697613719,
      1709271.2813652945
    ]
  ],
  [
    [
      -9.439247446234244,
      -2.185909577077915,
      -5.853292274526514,
      0.061296903606415425,
      0.038125914277766536,
      9.001052501736014e-05,
      -6.048471019334063e-05,
      -1.1690661879776077e-07,
      3.477769440982139e-08,
      3.374094488710109e-11,
      -6.632668456146716e-12
    ],
    [
      641599.3398993555,
      671018.1486824363
    ]
  ],
  [
    [
      -9.571128736063784,
      -2.058940056444476,
      -5.820041831141163,
      0.061296903606415425,
      0.038125914277766536,
      9.001052501736014e-05,
      -6.048471019334063e-05,
      -1.1715919245056933e-07,
      3.477769440982139e-08,
      3.374094488710109e-11,
      -6.632668456146716e-12
    ],
    [
      700207.3661476106,
      630072.110221221
    ]
  ],
  [
    [
      -9.547495976425344,
      -2.185909577077915,
      -5.820041831141163,
      0.061296903606415425,
      0.038125914277766536,
      9.013172946179794e-05,
      -6.048471019334063e-05,
      -1.1690661879776077e-07,
      3.477769440982139e-08,
      3.374094488710109e-11,
      -6.632668456146716e-12
    ],
    [
      648099.1821060751,
      673172.491527379
    ]
  ],
  [
    [
      -9.571128736063784,
      -2.185909577077915,
      -5.820041831141163,
      0.061296903606415425,
      0.038201972927763096,
      8.994586674040699e-05,
      -6.048471019334063e-05,
      -1.1690661879776077e-07,
      3.477769440982139e-08,
      3.374094488710109e-11,
      -6.632668456146716e-12
    ],
    [
      792383.2036905864,
      646635.851753297
    ]
  ],
  [
    [
      -9.453300073639207,
      -2.185909577077915,
      -5.820041831141163,
      0.061296903606415425,
      0.038125914277766536,
      9.001052501736014e-05,
      -6.048471019334063e-05,
      -1.1690661879776077e-07,
      3.477769440982139e-08,
      3.374094488710109e-11,
      -6.632668456146716e-12
    ],
    [
      656071.6086430202,
      665320.0515307209
    ]
  ],
  [
    [
      -9.571128736063784,
      -2.185909577077915,
      -5.820041831141163,
      0.061296903606415425,
      0.038125914277766536,
      9.001052501736014e-05,
      -6.048471019334063e-05,
      -1.1690661879776077e-07,
      3.477769440982139e-08,
      3.374094488710109e-11,
      -6.631535530722272e-12
    ],
    [
      674266.121619409,
      655100.6985092805
    ]
  ],
  [
    [
      -9.571128736063784,
      -2.185909577077915,
      -5.820041831141163,
      0.061238042465214235,
      0.038125914277766536,
      9.001052501736014e-05,
      -6.048471019334063e-05,
      -1.1690661879776077e-07,
      3.472773750248985e-08,
      3.374094488710109e-11,
      -6.632668456146716e-12
    ],
    [
      614031.2787879317,
      1302051.3190645012
    ]
  ],
  [
    [
      -9.571128736063784,
      -2.185909577077915,
      -5.8159530453790715,
      0.061238042465214235,
      0.038125914277766536,
      9.001052501736014e-05,
      -6.048471019334063e-05,
      -1.1690661879776077e-07,
      3.477769440982139e-08,
      3.374094488710109e-11,
      -6.632668456146716e-12
    ],
    [
      659511.3030999813,
      663601.3710809409
    ]
  ],
  [
    [
      -9.571128736063784,
      -2.185909577077915,
      -5.820041831141163,
      0.061296903606415425,
      0.038125914277766536,
      9.001052501736014e-05,
      -6.03722070745367e-05,
      -1.1690661879776077e-07,
      3.477769440982139e-08,
      3.374094488710109e-11,
      -6.632668456146716e-12
    ],
    [
      1334626.3633289307,
      902816.4385988556
    ]
  ],
  [
    [
      -9.439247446234244,
      -2.1911497601253584,
      -5.820041831141163,
      0.061296903606415425,
      0.038125914277766536,
      9.001052501736014e-05,
      -6.048471019334063e-05,
      -1.1706696785997558e-07,
      3.477769440982139e-08,
      3.3780548714517836e-11,
      -6.632668456146716e-12
    ],
    [
      667720.885404268,
      655383.6439079301
    ]
  ],
  [
    [
      -9.571128736063784,
      -2.2260835745644565,
      -5.820041831141163,
      0.06093603026814524,
      0.03804931583753925,
      9.001052501736014e-05,
      -6.048471019334063e-05,
      -1.1690661879776077e-07,
      3.477769440982139e-08,
      3.374094488710109e-11,
      -6.632668456146716e-12
    ],
    [
      603889.6217771517,
      772591.7108516332
    ]
  ],
  [
    [
      -9.571128736063784,
      -2.185909577077915,
      -5.820041831141163,
      0.061296903606415425,
      0.038125914277766536,
      9.011058977646077e-05,
      -6.048471019334063e-05,
      -1.1690661879776077e-07,
      3.477137365954043e-08,
      3.374094488710109e-11,
      -6.632668456146716e-12
    ],
    [
      610154.1966053243,
      706021.2117157177
    ]
  ],
  [
    [
      -9.547495976425344,
      -2.185909577077915,
      -5.820041831141163,
      0.061296903606415425,
      0.038125914277766536,
      9.001052501736014e-05,
      -6.048471019334063e-05,
      -1.1690661879776077e-07,
      3.477769440982139e-08,
      3.374094488710109e-11,
      -6.632668456146716e-12
    ],
    [
      656066.8413929424,
      665263.7197603052
    ]
  ],
  [
    [
      -9.571128736063784,
      -2.185909577077915,
      -5.820041831141163,
      0.061296903606415425,
      0.038125914277766536,
      9.001052501736014e-05,
      -6.048471019334063e-05,
      -1.1714153910461164e-07,
      3.477769440982139e-08,
      3.374094488710109e-11,
      -6.632668456146716e-12
    ],
    [
      697910.6848520125,
      632738.2002773987
    ]
  ],
  [
    [
      -9.571128736063784,
      -2.189325189009768,
      -5.825212057786295,
      0.061296903606415425,
      0.038125914277766536,
      9.001052501736014e-05,
      -6.048471019334063e-05,
      -1.1690661879776077e-07,
      3.477769440982139e-08,
      3.3780548714517836e-11,
      -6.632668456146716e-12
    ],
    [
      638838.6291692407,
      681038.0828347768
    ]
  ],
  [
    [
      -9.571128736063784,
      -2.185909577077915,
      -5.820041831141163,
      0.061296903606415425,
      0.038125914277766536,
      9.001052501736014e-05,
      -6.048471019334063e-05,
      -1.1690661879776077e-07,
      3.477769440982139e-08,
      3.374094488710109e-11,
      -6.632668456146716e-12
    ],
    [
      656065.6481247575,
      665249.5894972158
    ]
  ],
  [
    [
      -9.571128736063784,
      -2.185909577077915,
      -5.820041831141163,
      0.061296903606415425,
      0.038125914277766536,
      9.001052501736014e-05,
      -6.048471019334063e-05,
      -1.1690661879776077e-07,
      3.477769440982139e-08,
      3.3780548714517836e-11,
      -6.632668456146716e-12
    ],
    [
      641334.6649424301,
      680531.5208808568
    ]
  ],
  [
    [
      -9.547495976425344,
      -2.185909577077915,
      -5.820041831141163,
      0.061296903606415425,
      0.038125914277766536,
      9.001052501736014e-05,
      -6.048471019334063e-05,
      -1.1690661879776077e-07,
      3.477769440982139e-08,
      3.374094488710109e-11,
      -6.635943799503659e-12
    ],
    [
      611625.8755720148,
      705920.9275558458
    ]
  ],
  [
    [
      -9.571128736063784,
      -2.058940056444476,
      -5.853292274526514,
      0.06134405804581781,
      0.038125914277766536,
      9.001052501736014e-05,
      -6.048471019334063e-05,
      -1.1690661879776077e-07,
      3.477769440982139e-08,
      3.374094488710109e-11,
      -6.632668456146716e-12
    ],
    [
      639794.4235610489,
      671677.620722845
    ]
  ],
  [
    [
      -9.58961409212183,
      -1.8896222233371103,
      -5.820041831141163,
      0.061252882372334616,
      0.038125914277766536,
      9.001052501736014e-05,
      -6.048471019334063e-05,
      -1.1690661879776077e-07,
      3.477769440982139e-08,
      3.374094488710109e-11,
      -6.632668456146716e-12
    ],
    [
      655478.8012281058,
      664224.5550793702
    ]
  ],
  [
    [
      -9.439247446234244,
      -2.1683566431817005,
      -5.820041831141163,
      0.061296903606415425,
      0.038125914277766536,
      9.001052501736014e-05,
      -6.048471019334063e-05,
      -1.1690661879776077e-07,
      3.477769440982139e-08,
      3.374094488710109e-11,
      -6.645196205628143e-12
    ],
    [
      551583.528479551,
      911567.9339856036
    ]
  ],
  [
    [
      -9.571128736063784,
      -2.185909577077915,
      -4.932331230919491,
      0.061296903606415425,
      0.038125914277766536,
      9.001052501736014e-05,
      -6.0462087974004754e-05,
      -1.1690661879776077e-07,
      3.477769440982139e-08,
      3.374094488710109e-11,
      -6.632668456146716e-12
    ],
    [
      2650094.23814373,
      2513933.6033320213
    ]
  ],
  [
    [
      -9.591760432441792,
      -2.185909577077915,
      -5.820041831141163,
      0.061296903606415425,
      0.038125914277766536,
      9.001052501736014e-05,
      -6.048471019334063e-05,
      -1.1690661879776077e-07,
      3.477769440982139e-08,
      3.374094488710109e-11,
      -6.632668456146716e-12
    ],
    [
      656064.6072998603,
      665237.2545130579
    ]
  ],
  [
    [
      -9.524348174082633,
      -2.185909577077915,
      -5.820041831141163,
      0.061296903606415425,
      0.038125914277766536,
      9.001052501736014e-05,
      -6.048471019334063e-05,
      -1.1690661879776077e-07,
      3.477769440982139e-08,
      3.374094488710109e-11,
      -6.632668456146716e-12
    ],
    [
      656068.0112575094,
      665277.5611454847
    ]
  ],
  [
    [
      -9.571128736063784,
      -2.185909577077915,
      -5.820041831141163,
      0.061296903606415425,
      0.038125914277766536,
      9.001052501736014e-05,
      -6.048471019334063e-05,
      -1.1690661879776077e-07,
      3.477769440982139e-08,
      3.3715218789009316e-11,
      -6.632668456146716e-12
    ],
    [
      666074.491645436,
      655928.1020332213
    ]
  ],
  [
    [
      -9.571128736063784,
      -2.226843043776666,
      -5.820041831141163,
      0.06093603026814524,
      0.038125914277766536,
      9.011058977646077e-05,
      -6.048471019334063e-05,
      -1.1690661879776077e-07,
      3.477769440982139e-08,
      3.374094488710109e-11,
      -6.632668456146716e-12
    ],
    [
      658361.8859846467,
      663996.2424104651
    ]
  ],
  [
    [
      -9.439247446234244,
      -2.1822994335133736,
      -5.820041831141163,
      0.0613438824229762,
      0.038125914277766536,
      9.001052501736014e-05,
      -6.042528161169641e-05,
      -1.1690661879776077e-07,
      3.477769440982139e-08,
      3.374094488710109e-11,
      -6.632668456146716e-12
    ],
    [
      929836.0003547386,
      677664.7694591196
    ]
  ],
  [
    [
      -9.439247446234244,
      -2.185909577077915,
      -5.820041831141163,
      0.061296903606415425,
      0.038125914277766536,
      8.99695506898299e-05,
      -6.048471019334063e-05,
      -1.1706696785997558e-07,
      3.477769440982139e-08,
      3.374094488710109e-11,
      -6.632668456146716e-12
    ],
    [
      687083.9842792604,
      640126.3969577538
    ]
  ],
  [
    [
      -9.571128736063784,
      -1.8896222233371103,
      -5.8647186482827545,
      0.061296903606415425,
      0.038125914277766536,
      9.001052501736014e-05,
      -6.048471019334063e-05,
      -1.1690661879776077e-07,
      3.477769440982139e-08,
      3.374094488710109e-11,
      -6.632668456146716e-12
    ],
    [
      635868.574499836,
      673433.1741384398
    ]
  ],
  [
    [
      -9.524348174082633,
      -2.185909577077915,
      -5.820041831141163,
      0.061296903606415425,
      0.038125914277766536,
      9.001052501736014e-05,
      -6.048471019334063e-05,
      -1.1690661879776077e-07,
      3.477769440982139e-08,
      3.3780548714517836e-11,
      -6.632668456146716e-12
    ],
    [
      641337.1435230543,
      680559.9112675813
    ]
  ],
  [
    [
      -9.571128736063784,
      -1.8896222233371103,
      -5.820041831141163,
      0.061252882372334616,
      0.038125914277766536,
      9.001052501736014e-05,
      -6.048471019334063e-05,
      -1.1667852295811613e-07,
      3.477769440982139e-08,
      3.374094488710109e-11,
      -6.632668456146716e-12
    ],
    [
      621392.4098485126,
      704768.9568460996
    ]
  ],
  [
    [
      -9.58961409212183,
      -2.1643153484795823,
      -5.820041831141163,
      0.061296903606415425,
      0.038125914277766536,
      9.001052501736014e-05,
      -6.048471019334063e-05,
      -1.1690661879776077e-07,
      3.477769440982139e-08,
      3.3705089360937444e-11,
      -6.632668456146716e-12
    ],
    [
      669967.2301265893,
      652342.0235182911
    ]
  ],
  [
    [
      -9.439247446234244,
      -2.185909577077915,
      -5.820041831141163,
      0.061422142048759135,
      0.038125914277766536,
      9.010440785136275e-05,
      -6.048471019334063e-05,
      -1.1690661879776077e-07,
      3.477769440982139e-08,
      3.3780548714517836e-11,
      -6.632668456146716e-12
    ],
    [
      632995.9177268395,
      690571.9587122826
    ]
  ],
  [
    [
      -9.439247446234244,
      -2.185909577077915,
      -5.853292274526514,
      0.061296903606415425,
      0.038125914277766536,
      9.001052501736014e-05,
      -6.048471019334063e-05,
      -1.1690661879776077e-07,
      3.470711232967653e-08,
      3.374094488710109e-11,
      -6.632668456146716e-12
    ],
    [
      815164.9225188231,
      1894344.975762877
    ]
  ],
  [
    [
      -9.439247446234244,
      -2.185909577077915,
      -5.853292274526514,
      0.061296903606415425,
      0.038125914277766536,
      9.001052501736014e-05,
      -6.048471019334063e-05,
      -1.1690661879776077e-07,
      3.477769440982139e-08,
      3.374094488710109e-11,
      -6.632668456146716e-12
    ],
    [
      641599.3398993555,
      671018.1486824363
    ]
  ],
  [
    [
      -9.571128736063784,
      -2.185909577077915,
      -5.8159530453790715,
      0.061238042465214235,
      0.038125914277766536,
      9.001052501736014e-05,
      -6.048471019334063e-05,
      -1.1690661879776077e-07,
      3.477769440982139e-08,
      3.374094488710109e-11,
      -6.632668456146716e-12
    ],
    [
      659511.3030999813,
      663601.3710809409
    ]
  ],
  [
    [
      -9.571128736063784,
      -2.185909577077915,
      -5.820041831141163,
      0.061296903606415425,
      0.038125914277766536,
      9.001052501736014e-05,
      -6.048471019334063e-05,
      -1.1690661879776077e-07,
      3.477769440982139e-08,
      3.374094488710109e-11,
      -6.632668456146716e-12
    ],
    [
      656065.6481247575,
      665249.5894972158
    ]
  ],
  [
    [
      -9.589810906755853,
      -2.2260835745644565,
      -5.820041831141163,
      0.06093603026814524,
      0.03804931583753925,
      9.001052501736014e-05,
      -6.048471019334063e-05,
      -1.1690661879776077e-07,
      3.477769440982139e-08,
      3.374094488710109e-11,
      -6.632668456146716e-12
    ],
    [
      603893.136226658,
      772586.739762529
    ]
  ],
  [
    [
      -9.547495976425344,
      -2.185909577077915,
      -5.820041831141163,
      0.061296903606415425,
      0.038125914277766536,
      9.001052501736014e-05,
      -6.049285768493576e-05,
      -1.1690661879776077e-07,
      3.477769440982139e-08,
      3.374094488710109e-11,
      -6.632668456146716e-12
    ],
    [
      633028.0329366688,
      683864.2052399253
    ]
  ],
  [
    [
      -9.58961409212183,
      -1.8896222233371103,
      -5.820041831141163,
      0.061252882372334616,
      0.038125914277766536,
      9.001052501736014e-05,
      -6.048471019334063e-05,
      -1.1690661879776077e-07,
      3.477769440982139e-08,
      3.374094488710109e-11,
      -6.632668456146716e-12
    ],
    [
      655478.8012281058,
      664224.5550793702
    ]
  ],
  [
    [
      -9.547495976425344,
      -2.185909577077915,
      -5.820041831141163,
      0.061296903606415425,
      0.038125914277766536,
      9.013172946179794e-05,
      -6.048471019334063e-05,
      -1.1690661879776077e-07,
      3.477769440982139e-08,
      3.374094488710109e-11,
      -6.632668456146716e-12
    ],
    [
      648099.1821060751,
      673172.491527379
    ]
  ],
  [
    [
      -9.547495976425344,
      -2.185909577077915,
      -5.820041831141163,
      0.061296903606415425,
      0.038125914277766536,
      9.001052501736014e-05,
      -6.048471019334063e-05,
      -1.1690661879776077e-07,
      3.477769440982139e-08,
      3.374094488710109e-11,
      -6.632668456146716e-12
    ],
    [
      656066.8413929424,
      665263.7197603052
    ]
  ],
  [
    [
      -9.559899091194431,
      -2.185909577077915,
      -5.820041831141163,
      0.061296903606415425,
      0.038125914277766536,
      9.013172946179794e-05,
      -6.048471019334063e-05,
      -1.1706696785997558e-07,
      3.477769440982139e-08,
      3.374094488710109e-11,
      -6.6452215089665186e-12
    ],
    [
      574045.1034569255,
      896349.6335139906
    ]
  ],
  [
    [
      -9.439247446234244,
      -2.185909577077915,
      -5.820041831141163,
      0.061296903606415425,
      0.038125914277766536,
      9.001052501736014e-05,
      -6.048471019334063e-05,
      -1.1690661879776077e-07,
      3.477769440982139e-08,
      -0.3660288641431,
      -6.632668456146716e-12
    ],
    [
      3.5059082969613243e+28,
      4.826344276263949e+28
    ]
  ],
  [
    [
      -9.439247446234244,
      -2.185909577077915,
      -5.853292274526514,
      0.061324883454494425,
      0.038125914277766536,
      9.001052501736014e-05,
      -6.048471019334063e-05,
      -1.1690661879776077e-07,
      3.477769440982139e-08,
      3.3780548714517836e-11,
      -6.632668456146716e-12
    ],
    [
      626027.5179535861,
      686423.0651928496
    ]
  ],
  [
    [
      -9.571128736063784,
      -2.1870074261420176,
      -5.820041831141163,
      0.061296903606415425,
      0.038125914277766536,
      9.001052501736014e-05,
      -6.048471019334063e-05,
      -1.1695037494680782e-07,
      3.477769440982139e-08,
      3.374094488710109e-11,
      -6.632179268678841e-12
    ],
    [
      671020.0897944099,
      653897.5238777692
    ]
  ],
  [
    [
      -9.571128736063784,
      -2.185909577077915,
      -5.820041831141163,
      0.061296903606415425,
      0.038125914277766536,
      9.001052501736014e-05,
      -6.048471019334063e-05,
      -1.1690661879776077e-07,
      3.478836074643647e-08,
      3.374094488710109e-11,
      -6.632668456146716e-12
    ],
    [
      743915.2610670818,
      636958.6438835751
    ]
  ],
  [
    [
      -9.571128736063784,
      -2.185909577077915,
      -5.8142546751155,
      0.061296903606415425,
      0.038125914277766536,
      9.001052501736014e-05,
      -6.048471019334063e-05,
      -1.1714153910461164e-07,
      3.477769440982139e-08,
      3.374094488710109e-11,
      -6.632668456146716e-12
    ],
    [
      700697.5831717164,
      631906.9272226992
    ]
  ],
  [
    [
      -9.571128736063784,
      -2.058940056444476,
      -5.820041831141163,
      0.06143607821774508,
      0.038125914277766536,
      9.001052501736014e-05,
      -6.048471019334063e-05,
      -1.1706696785997558e-07,
      3.477769440982139e-08,
      3.374094488710109e-11,
      -6.632668456146716e-12
    ],
    [
      679193.4488364183,
      644115.7870393167
    ]
  ],
  [
    [
      -9.439247446234244,
      -2.1822994335133736,
      -5.820041831141163,
      0.061296903606415425,
      0.038125914277766536,
      9.001052501736014e-05,
      -6.048471019334063e-05,
      -1.1715919245056933e-07,
      3.477769440982139e-08,
      3.374094488710109e-11,
      -6.632668456146716e-12
    ],
    [
      701281.7456340932,
      630698.7218827065
    ]
  ],
  [
    [
      -9.766421601005883,
      -2.185909577077915,
      -5.808470453315474,
      0.061296903606415425,
      0.03815070552963326,
      9.001052501736014e-05,
      -6.048471019334063e-05,
      -1.1690661879776077e-07,
      3.477769440982139e-08,
      3.3715218789009316e-11,
      -6.632668456146716e-12
    ],
    [
      708659.1593785428,
      641782.5954107386
    ]
  ],
  [
    [
      -9.571128736063784,
      -2.185909577077915,
      -5.820041831141163,
      0.061296903606415425,
      0.038125914277766536,
      9.001052501736014e-05,
      -6.048471019334063e-05,
      -1.1690661879776077e-07,
      3.477769440982139e-08,
      3.374094488710109e-11,
      -6.632668456146716e-12
    ],
    [
      656065.6481247575,
      665249.5894972158
    ]
  ],
  [
    [
      -9.591760432441792,
      -2.180816980882563,
      -5.820041831141163,
      0.061296903606415425,
      0.038125914277766536,
      9.001052501736014e-05,
      -6.048471019334063e-05,
      -1.1690661879776077e-07,
      3.477769440982139e-08,
      3.374094488710109e-11,
      -6.632668456146716e-12
    ],
    [
      656035.5737556757,
      665235.0291113635
    ]
  ],
  [
    [
      -9.565262949986732,
      -2.185909577077915,
      -5.820041831141163,
      0.061296903606415425,
      0.038125914277766536,
      9.001052501736014e-05,
      -6.048471019334063e-05,
      -1.1690661879776077e-07,
      3.477769440982139e-08,
      3.374094488710109e-11,
      -6.632668456146716e-12
    ],
    [
      656065.9441965282,
      665253.0966051172
    ]
  ],
  [
    [
      -9.565262949986732,
      -2.185909577077915,
      -5.820041831141163,
      0.061296903606415425,
      0.038125914277766536,
      9.001052501736014e-05,
      0.0768223122085535,
      -1.1690661879776077e-07,
      3.477769440982139e-08,
      3.374094488710109e-11,
      -6.632668456146716e-12
    ],
    [
      1.5696742300935443e+17,
      2.1531216418119904e+17
    ]
  ],
  [
    [
      -9.439247446234244,
      -2.185909577077915,
      -5.820041831141163,
      0.061296903606415425,
      0.038125914277766536,
      9.001052501736014e-05,
      -6.051494186207751e-05,
      -1.1690661879776077e-07,
      3.477769440982139e-08,
      3.374094488710109e-11,
      -6.632668456146716e-12
    ],
    [
      588295.345269238,
      758639.3640596394
    ]
  ],
  [
    [
      -9.571128736063784,
      -2.2260835745644565,
      -5.820041831141163,
      0.061035431696097944,
      0.038125914277766536,
      9.001052501736014e-05,
      -6.042528161169641e-05,
      -1.1690661879776077e-07,
      3.477769440982139e-08,
      3.374094488710109e-11,
      -6.632668456146716e-12
    ],
    [
      936504.6452708684,
      666766.5283992941
    ]
  ],
  [
    [
      -9.439247446234244,
      -2.185909577077915,
      -5.820041831141163,
      0.061296903606415425,
      0.03804931583753925,
      9.001052501736014e-05,
      -6.048471019334063e-05,
      -1.1690661879776077e-07,
      3.477769440982139e-08,
      3.3683257729962715e-11,
      -6.632668456146716e-12
    ],
    [
      618861.9280818321,
      758211.9865581895
    ]
  ],
  [
    [
      -9.571128736063784,
      -2.185909577077915,
      -5.820041831141163,
      0.061296903606415425,
      0.038125914277766536,
      9.011058977646077e-05,
      -6.048471019334063e-05,
      -1.1690661879776077e-07,
      3.480644074246693e-08,
      3.3780548714517836e-11,
      -6.632668456146716e-12
    ],
    [
      939114.7438700292,
      700692.1838246073
    ]
  ],
  [
    [
      -9.571128736063784,
      -2.185909577077915,
      -5.820041831141163,
      0.061296903606415425,
      0.038125914277766536,
      9.001052501736014e-05,
      -6.048471019334063e-05,
      -1.1700795515318732e-07,
      3.477137365954043e-08,
      3.374094488710109e-11,
      -6.632668456146716e-12
    ],
    [
      634998.8849400866,
      685354.786123614
    ]
  ],
  [
    [
      -9.547495976425344,
      -2.185909577077915,
      -5.820041831141163,
      0.061296903606415425,
      0.038125914277766536,
      9.001052501736014e-05,
      -6.048471019334063e-05,
      -1.1690661879776077e-07,
      3.477769440982139e-08,
      3.374094488710109e-11,
      -6.632668456146716e-12
    ],
    [
      656066.8413929424,
      665263.7197603052
    ]
  ],
  [
    [
      -9.547495976425344,
      -2.185909577077915,
      -5.820041831141163,
      0.061296903606415425,
      0.038125914277766536,
      9.013172946179794e-05,
      -6.048471019334063e-05,
      -1.1712720867774734e-07,
      3.477769440982139e-08,
      3.374094488710109e-11,
      -6.632668456146716e-12
    ],
    [
      685792.753838167,
      640450.6427373759
    ]
  ],
  [
    [
      -9.439247446234244,
      -2.185909577077915,
      -5.820041831141163,
      0.061296903606415425,
      0.038125914277766536,
      9.011058977646077e-05,
      -6.048471019334063e-05,
      -1.168526881152717e-07,
      3.477769440982139e-08,
      3.374094488710109e-11,
      -6.632668456146716e-12
    ],
    [
      641029.0946211235,
      680888.1802806781
    ]
  ],
  [
    [
      -9.571128736063784,
      -2.226843043776666,
      -5.820041831141163,
      0.06093603026814524,
      0.038125914277766536,
      9.010440785136275e-05,
      -6.048471019334063e-05,
      -1.1690661879776077e-07,
      3.477769440982139e-08,
      3.3780548714517836e-11,
      -6.632668456146716e-12
    ],
    [
      643680.9361859646,
      678385.7109848808
    ]
  ],
  [
    [
      -9.571128736063784,
      -2.1683566431817005,
      -5.820041831141163,
      0.06128160844222431,
      0.038125914277766536,
      9.001052501736014e-05,
      -6.048471019334063e-05,
      -1.1690661879776077e-07,
      3.477769440982139e-08,
      3.3705089360937444e-11,
      -6.632668456146716e-12
    ],
    [
      670392.0283811382,
      652071.9686832272
    ]
  ],
  [
    [
      -9.571128736063784,
      -2.185909577077915,
      -5.820041831141163,
      0.061296903606415425,
      0.038125914277766536,
      9.001052501736014e-05,
      -6.048471019334063e-05,
      -1.1713348251917991e-07,
      3.477769440982139e-08,
      3.374094488710109e-11,
      -6.632668456146716e-12
    ],
    [
      696372.2386156243,
      633711.4022717287
    ]
  ]
]