[
  [
    [
      2.2729941783831205,
      -8.238360572506988,
      9.19505463038157,
      3.765007598185715,
      -8.78017995211125,
      4.800476245403356,
      -6.122851517875068,
      -3.6516817173573575,
      4.174547094787947,
      -3.2105225999599885,
      7.273174855744816
    ],
    [
      2.984897352070769e+34,
      4.148984787682053e+34
    ]
  ],
  [
    [
      6.687632226792985,
      -6.731284399923099,
      0.40118701296974635,
      -3.043823854993888,
      2.568718034024954,
      -2.4423807811486364,
      2.007805169451135,
      9.002930933126926,
      0.9982425400360118,
      -5.170663673129825,
      0.177908537261386
    ],
    [
      1.961058964328838e+31,
      3.43486856089818e+31
    ]
  ],
  [
    [
      8.70767470430112,
      -1.8422399521853343,
      4.0666045164640945,
      -2.414773388625278,
      -8.127664716629535,
      -9.835376792235643,
      -2.8103170558983237,
      -1.7044949445547566,
      8.917014223936746,
      1.3214492752997486,
      -0.21943484725117557
    ],
    [
      2.50517535538058e+31,
      3.692647087879536e+31
    ]
  ],
  [
    [
      -6.561208390657063,
      -8.609282093282118,
      9.846039365094647,
      -9.25121798200813,
      -6.107722048986945,
      5.959991000588612,
      0.03318017163667086,
      0.023381410633639632,
      -3.8021977683492985,
      -6.248261894088333,
      8.610956427472829
    ],
    [
      4.1683059242203095e+34,
      5.81062797571528e+34
    ]
  ],
  [
    [
      0.8449569328035587,
      0.6082477634003567,
      8.709578054365245,
      -4.4537669461955876,
      -7.641113224282671,
      -2.1753688484486826,
      -7.75906618808939,
      6.357656734260949,
      -6.16933291790255,
      -3.814294910420724,
      1.66710937431737
    ],
    [
      1.535698882415269e+33,
      2.1751991077627727e+33
    ]
  ],
  [
    [
      -3.986056329664615,
      6.182329379165456,
      -0.4367923351480094,
      -3.1913293253076214,
      -5.44242143057994,
      8.369903258695988,
      -7.104542629180914,
      -4.144930644396377,
      -8.854992569518927,
      2.1047278103667324,
      1.8004073546248822
    ],
    [
      1.8512421416736247e+33,
      2.5320378846062203e+33
    ]
  ],
  [
    [
      3.561659306804966,
      -8.6627624519918,
      -7.185587758054308,
      0.05366007241548587,
      9.896582800585893,
      2.7083595282145936,
      7.733689661022261,
      7.492465322490819,
      8.589190835568555,
      -9.843083155629868,
      6.645328990028677
    ],
    [
      2.468878196241819e+34,
      3.4680379456097983e+34
    ]
  ],
  [
    [
      0.2158675920812776,
      4.680417595714399,
      -6.387675663908398,
      0.08477312012892746,
      -3.5872006449612286,
      -5.950394653157365,
      0.24640540318650217,
      0.09199924569250051,
      -3.2838791818229858,
      -7.14448679046739,
      -1.8361405910319757
    ],
    [
      2.003325582974474e+33,
      2.6686461197946754e+33
    ]
  ],
  [
    [
      -3.391347709793302,
      -7.174709343101573,
      -7.889230139314078,
      1.7483458574701558,
      -9.38625091840098,
      -4.627827261256989,
      -9.706878159456885,
      -4.63564289687973,
      2.4796698780051063,
      -2.7725577544719204,
      3.778458881825582
    ],
    [
      8.033247075465948e+33,
      1.1199222084691118e+34
    ]
  ],
  [
    [
      -8.212874255380562,
      1.4427377624988065,
      4.182070220888676,
      -0.28478779891319483,
      -5.8305919046439,
      5.6021206754908714,
      4.482887334275585,
      -4.173117442684813,
      0.023554844250515572,
      -0.8253855041640747,
      6.680064820225134
    ],
    [
      2.5246946911980587e+34,
      3.4980912951583094e+34
    ]
  ],
  [
    [
      -0.340778566709691,
      -3.028036586739386,
      -0.7923279046333462,
      -5.63975000520307,
      -7.526295864050918,
      -5.341253816098841,
      9.182228751916245,
      -2.069160172893443,
      7.443511989877372,
      1.5091231347239038,
      -5.6940584834155565
    ],
    [
      1.8295335686318998e+34,
      2.538540163939954e+34
    ]
  ],
  [
    [
      9.299571285964273,
      -5.429855329964555,
      5.47655213521155,
      9.440734533977825,
      7.39788241390854,
      -4.608744751876069,
      1.5541163087393866,
      5.789060484961066,
      -1.9431848404182972,
      5.050889012609897,
      9.965040289240939
    ],
    [
      5.654606249327202e+34,
      7.785295686750115e+34
    ]
  ],
  [
    [
      2.488696583241829,
      5.471660979702149,
      -7.31670084269878,
      -3.262608488165604,
      -3.8475193320364243,
      -0.10508955298535128,
      -9.964744026537142,
      6.363033509912171,
      1.6653084831752452,
      -1.6705031381201891,
      0.6574274364314938
    ],
    [
      2.397162896546445e+32,
      3.403714749144745e+32
    ]
  ],
  [
    [
      7.4723248662911175,
      -9.094068632958244,
      -5.898653296336828,
      -3.8432800818279222,
      -0.8797613929761461,
      -3.6579524547378384,
      2.49765396744937,
      -9.789949550076585,
      -2.30895218834476,
      -9.837590552645876,
      6.031117475648177
    ],
    [
      2.0276450726751473e+34,
      2.852682587163909e+34
    ]
  ],
  [
    [
      3.746578108460799,
      -8.364265967966574,
      -3.197892633359154,
      3.4465790688566873,
      -4.829684328440232,
      0.5108994284802151,
      -0.4811537350131001,
      2.1566587850961856,
      2.8279485712067185,
      -2.3508534965804895,
      -6.5734943487870945
    ],
    [
      2.4561098872295067e+34,
      3.38665518675213e+34
    ]
  ],
  [
    [
      -6.932417805700717,
      5.295570064542794,
      7.714347296800742,
      2.6968139306602232,
      4.451564993320659,
      4.443660830889387,
      -6.855010515819993,
      1.6964080464325182,
      2.3721176951461587,
      0.2767041057340087,
      -2.8309296481410957
    ],
    [
      4.531929114788369e+33,
      6.277611405597275e+33
    ]
  ],
  [
    [
      8.62332047591585,
      7.247134608869622,
      4.245037871518871,
      8.824641744023953,
      -7.8151126292014546,
      4.941615823026741,
      3.3109155378424013,
      -1.6193564818922983,
      -4.744373037680985,
      5.194575381412941,
      -2.9473009649749375
    ],
    [
      4.845580582364268e+33,
      6.82609493112373e+33
    ]
  ],
  [
    [
      2.595238755302759,
      1.7312388853354932,
      -3.426615612376171,
      4.143067516146381,
      -2.5761025631975887,
      -3.860953602080257,
      5.490577924381032,
      7.285495711430947,
      4.268694104668327,
      -0.3258884855659261,
      -5.209708903074162
    ],
    [
      1.5373626285909907e+34,
      2.1261216259812446e+34
    ]
  ],
  [
    [
      -3.237275693220001,
      -2.664667458212378,
      2.0700817210543665,
      -9.83570166577027,
      0.21971213100536602,
      -3.6157561141185157,
      -1.5306106106402328,
      8.316511332063676,
      -9.545423016593936,
      2.447397691734377,
      3.292246471932099
    ],
    [
      6.17256961143681e+33,
      8.478329237846045e+33
    ]
  ],
  [
    [
      -1.8103106681206231,
      -8.51217136482433,
      1.4262361191760213,
      -9.836956761428743,
      1.6487220214230618,
      -5.863650435904296,
      1.2479751110562738,
      -1.5888220762813212,
      3.023387024361986,
      1.5344619508475184,
      3.381500455430155
    ],
    [
      6.51402563929885e+33,
      8.973324522365833e+33
    ]
  ],
  [
    [
      -0.6817345174277882,
      6.938916985035984,
      -7.760889818315084,
      4.383126300923891,
      4.864515988523944,
      -6.5307543222914095,
      -3.6858576753752903,
      -8.466461044163491,
      6.8302699111711505,
      6.936420483862168,
      -5.510026841887063
    ],
    [
      1.696836568480427e+34,
      2.3782409121235998e+34
    ]
  ],
  [
    [
      -1.216312055726263,
      -1.8998084330058145,
      -9.483843595559616,
      6.573050135211801,
      -2.472811043387213,
      -9.214267256868485,
      5.913173537831282,
      -2.2851144154354053,
      -1.222624189996143,
      -6.552793770708066,
      0.8037039622990996
    ],
    [
      3.4581431422933524e+32,
      5.1997671170250985e+32
    ]
  ],
  [
    [
      0.9748899200812229,
      5.005767334211459,
      -9.986993609943466,
      -9.956254721702305,
      -4.842742963252542,
      3.596229633256204,
      7.990347639961609,
      -0.6313893393834498,
      -5.5716251232998415,
      1.655624511924465,
      -8.450948611444867
    ],
    [
      4.0401918461798465e+34,
      5.601935277921639e+34
    ]
  ],
  [
    [
      -9.384522498251698,
      -2.3292460856242947,
      -7.381955504649252,
      -2.6885199102480613,
      8.610664144414141,
      5.603209577499671,
      -2.639791008556445,
      2.6704477130895405,
      -8.00363929686963,
      8.328043115244622,
      -1.489272485800523
    ],
    [
      1.2080227533631608e+33,
      1.7694847382837122e+33
    ]
  ],
  [
    [
      6.37043111005141,
      -3.939162108368002,
      -3.113975809431075,
      -0.06366030789887667,
      -2.8568010227993508,
      1.8425071699236106,
      7.979114923619967,
      -9.04079821754684,
      -1.2848889780249824,
      -7.7739277735914065,
      -4.825394487659917
    ],
    [
      1.3429573396583938e+34,
      1.8288154705275765e+34
    ]
  ],
  [
    [
      3.0682053164588385,
      3.4800888263828345,
      -3.6579527401098755,
      4.760008781349438,
      -0.36636529055833833,
      -7.7196467497107495,
      -3.6820729317113,
      4.058936569000577,
      -6.431073056943983,
      -8.137554565616,
      7.494949153759148
    ],
    [
      3.1457679801801164e+34,
      4.401265985919973e+34
    ]
  ],
  [
    [
      7.1808375569781155,
      2.9338510181783928,
      -4.811909494485931,
      -2.941397234970145,
      -3.674409467869289,
      0.9930703560327707,
      -0.7289067216250977,
      -5.952123214818639,
      9.29130360625009,
      6.629767840363989,
      3.046036599148728
    ],
    [
      5.40090080430361e+33,
      7.314384490043693e+33
    ]
  ],
  [
    [
      -5.4844490489881625,
      5.8672040655180435,
      0.6328403599796566,
      2.8291978346479585,
      0.28769648911718626,
      8.214857989311103,
      -2.398577071825745,
      9.28079089419818,
      1.7525010759068689,
      -6.585409445357648,
      5.191710960267857
    ],
    [
      1.508523662378776e+34,
      2.114468988112089e+34
    ]
  ],
  [
    [
      -7.476296857788844,
      -4.698964246406834,
      -2.6470362952891318,
      2.6544732230559394,
      -8.090869719762058,
      -9.010702231560906,
      4.899941975044618,
      -1.406493953258268,
      3.796165564885566,
      -7.889678111428728,
      -7.051937991004953
    ],
    [
      2.8500077843830427e+34,
      3.9000508236686963e+34
    ]
  ],
  [
    [
      -9.580635369484451,
      9.272265329291393,
      6.4017151261772085,
      6.314520953108683,
      2.006761926774363,
      4.625404136682739,
      -4.948106271651602,
      8.88825352746106,
      -3.387276345028054,
      9.017183234373988,
      0.5327129236312764
    ],
    [
      2.0919168955937675e+32,
      2.515312427410787e+32
    ]
  ],
  [
    [
      -5.883550076696771,
      3.2298751209371694,
      -9.998426466365535,
      -2.5201712081838323,
      -3.0864573689575963,
      -6.097803573267431,
      3.833842577206932,
      -7.202373835034191,
      -6.273104382037746,
      -3.976128553436884,
      -1.955309700924154
    ],
    [
      2.2220704631171598e+33,
      3.013485175449571e+33
    ]
  ],
  [
    [
      2.4143652892723004,
      -3.3146632766309487,
      8.253906913831926,
      1.61923618692194,
      -0.037777666071106,
      -0.4764868621651708,
      5.2378422564604765,
      3.866958729760322,
      7.518751584701057,
      0.562215587006671,
      -0.6152690895278745
    ],
    [
      2.100981765176228e+32,
      2.9347855932673358e+32
    ]
  ],
  [
    [
      5.586412517420285,
      -3.0271974605078,
      9.958595430567826,
      -0.673651815680552,
      3.894387226656109,
      9.547988526704962,
      -5.534350978870284,
      4.077836506850453,
      8.593491375635399,
      -3.341786491961594,
      -1.2160988527689671
    ],
    [
      8.58977306138072e+32,
      1.1567374491460252e+33
    ]
  ],
  [
    [
      7.852877298375784,
      -2.3646558690569126,
      -7.215077532373146,
      3.4376142519860604,
      7.868873720811948,
      -8.906684544255084,
      8.447759242772918,
      1.9401220401974246,
      -1.7752155574320803,
      -8.935872837052916,
      3.373596949733672
    ],
    [
      6.288632816633381e+33,
      8.939867923193283e+33
    ]
  ],
  [
    [
      7.643903115316853,
      9.606153487548678,
      6.7799202035025345,
      -4.6612073516358326,
      4.978310669650837,
      7.812608404004386,
      7.481619089689762,
      -7.643972368317568,
      6.630355326735998,
      2.8103864319736154,
      -4.437333684010049
    ],
    [
      1.1068067847339296e+34,
      1.5414560637109476e+34
    ]
  ],
  [
    [
      9.525153821984905,
      3.7337583575845805,
      -5.179074344301484,
      9.614150656849048,
      -2.195623371881643,
      -1.0767719580777317,
      -0.43430305396280033,
      2.5613005235920916,
      -1.832361907272709,
      1.9265300971492891,
      4.677855629179096
    ],
    [
      1.2445628893408758e+34,
      1.7151530210416687e+34
    ]
  ],
  [
    [
      -3.234042571947753,
      -3.075312149455627,
      1.0035723284099483,
      7.6853177255514495,
      -5.746151324255049,
      8.505409186280236,
      6.71119596350454,
      5.591520434787366,
      -5.19459809834397,
      -2.004450005852436,
      -6.475249410577096
    ],
    [
      2.3847283606796623e+34,
      3.289808098281047e+34
    ]
  ],
  [
    [
      -7.55001894146975,
      4.2263958252689005,
      -4.978824396672266,
      -3.0774539862188144,
      -5.224837892900358,
      -5.085315818427844,
      0.28697009190793565,
      9.35837327100996,
      3.587842183528153,
      1.6477527634225613,
      5.323804775848851
    ],
    [
      1.611847458700755e+34,
      2.2235775262246525e+34
    ]
  ],
  [
    [
      -5.902331413075366,
      0.057131242547141525,
      8.714687848707896,
      -1.3008862604460507,
      -4.844016054638914,
      0.6094453196124263,
      -8.591897039637553,
      -5.787067177045413,
      -3.489425382378972,
      6.822481332849129,
      -6.5526709285053215
    ],
    [
      2.4086351436421675e+34,
      3.3683573976268902e+34
    ]
  ],
  [
    [
      7.930034164295318,
      0.44041330884795826,
      2.0678571939174084,
      -4.630939831561715,
      -1.2038151675905873,
      -3.4924680629848615,
      -2.9305384176105376,
      4.157512093153512,
      1.3844425429780376,
      -6.2619379686656345,
      -1.8515913135109745
    ],
    [
      2.0189785060441195e+33,
      2.702476502815808e+33
    ]
  ],
  [
    [
      6.687632226792985,
      -4.9370719403820456,
      0.40118701296974635,
      -3.043823854993888,
      4.217138381327079,
      -2.4423807811486364,
      2.007805169451135,
      9.002930933126926,
      3.554132085441683,
      -5.531893726871262,
      0.177908537261386
    ],
    [
      2.044803520874783e+31,
      3.6042234510228007e+31
    ]
  ],
  [
    [
      6.687632226792985,
      -6.731284399923099,
      0.40118701296974635,
      -3.043823854993888,
      2.568718034024954,
      -2.4423807811486364,
      2.007805169451135,
      9.002930933126926,
      0.9982425400360118,
      -5.170663673129825,
      0.177908537261386
    ],
    [
      1.961058964328838e+31,
      3.43486856089818e+31
    ]
  ],
  [
    [
      6.687632226792985,
      -6.731284399923099,
      0.40118701296974635,
      -3.043823854993888,
      2.568718034024954,
      -2.4423807811486364,
      2.1205767974714984,
      9.002930933126926,
      -5.820644548841765,
      -5.170663673129825,
      -0.31957926849954355
    ],
    [
      7.556813293802892e+31,
      9.141810251746065e+31
    ]
  ],
  [
    [
      6.687632226792985,
      -6.731284399923099,
      7.369956051917562,
      -3.043823854993888,
      2.568718034024954,
      -2.4423807811486364,
      2.007805169451135,
      9.002930933126926,
      0.9982425400360118,
      -5.170663673129825,
      0.177908537261386
    ],
    [
      1.9610589643348188e+31,
      3.434868560905891e+31
    ]
  ],
  [
    [
      6.687632226792985,
      -6.731284399923099,
      0.40118701296974635,
      -3.043823854993888,
      2.568718034024954,
      -2.4423807811486364,
      -3.7866282954373665,
      9.002930933126926,
      0.9982425400360118,
      -5.170663673129825,
      0.177908537261386
    ],
    [
      1.9610370539633263e+31,
      3.4348366083503223e+31
    ]
  ],
  [
    [
      6.687632226792985,
      -6.731284399923099,
      0.40118701296974635,
      7.67058680618123,
      2.568718034024954,
      -2.4423807811486364,
      2.007805169451135,
      9.002930933126926,
      0.9982425400360118,
      -5.170663673129825,
      0.177908537261386
    ],
    [
      1.961058964118356e+31,
      3.4348685606068267e+31
    ]
  ],
  [
    [
      6.687632226792985,
      -6.731284399923099,
      0.40118701296974635,
      -3.043823854993888,
      2.568718034024954,
      -2.4423807811486364,
      2.007805169451135,
      3.5712552426324358,
      9.018163850384393,
      -8.61984051234497,
      0.177908537261386
    ],
    [
      2.9038615694104836e+31,
      5.232607706109907e+31
    ]
  ],
  [
    [
      6.687632226792985,
      -6.731284399923099,
      0.40118701296974635,
      3.643825191496619,
      2.568718034024954,
      -2.4423807811486364,
      2.007805169451135,
      9.002930933126926,
      0.9982425400360118,
      -5.170663673129825,
      0.177908537261386
    ],
    [
      1.9610589641974608e+31,
      3.4348685607163255e+31
    ]
  ],
  [
    [
      6.687632226792985,
      -6.731284399923099,
      0.40118701296974635,
      -3.043823854993888,
      2.568718034024954,
      1.343592148298729,
      2.007805169451135,
      9.002930933126926,
      0.9982425400360118,
      -5.170663673129825,
      0.177908537261386
    ],
    [
      1.961058814611962e+31,
      3.4348683134601675e+31
    ]
  ],
  [
    [
      6.687632226792985,
      -6.731284399923099,
      0.40118701296974635,
      -3.043823854993888,
      2.568718034024954,
      -2.4423807811486364,
      2.007805169451135,
      9.002930933126926,
      0.9982425400360118,
      -5.170663673129825,
      0.177908537261386
    ],
    [
      1.961058964328838e+31,
      3.43486856089818e+31
    ]
  ],
  [
    [
      6.687632226792985,
      -6.731284399923099,
      0.40118701296974635,
      -3.043823854993888,
      2.568718034024954,
      -2.4423807811486364,
      2.007805169451135,
      9.002930933126926,
      0.9982425400360118,
      -5.170663673129825,
      1.8886964200100103
    ],
    [
      1.9715930688109057e+33,
      2.8052504893790276e+33
    ]
  ],
  [
    [
      6.687632226792985,
      -6.731284399923099,
      0.40118701296974635,
      -3.043823854993888,
      2.568718034024954,
      -2.4423807811486364,
      2.007805169451135,
      9.002930933126926,
      0.9982425400360118,
      -5.170663673129825,
      0.177908537261386
    ],
    [
      1.961058964328838e+31,
      3.43486856089818e+31
    ]
  ],
  [
    [
      6.687632226792985,
      -6.731284399923099,
      -7.049145635107086,
      -3.043823854993888,
      2.568718034024954,
      -2.4423807811486364,
      2.007805169451135,
      9.002930933126926,
      0.9982425400360118,
      -5.170663673129825,
      0.177908537261386
    ],
    [
      1.961058964322444e+31,
      3.434868560889934e+31
    ]
  ],
  [
    [
      6.687632226792985,
      -6.731284399923099,
      0.40118701296974635,
      -3.043823854993888,
      2.568718034024954,
      -2.4423807811486364,
      2.007805169451135,
      9.002930933126926,
      0.9982425400360118,
      -5.170663673129825,
      0.177908537261386
    ],
    [
      1.961058964328838e+31,
      3.43486856089818e+31
    ]
  ],
  [
    [
      6.687632226792985,
      -6.731284399923099,
      0.40118701296974635,
      -3.043823854993888,
      2.568718034024954,
      -2.4423807811486364,
      2.007805169451135,
      9.002930933126926,
      0.9982425400360118,
      -5.170663673129825,
      0.177908537261386
    ],
    [
      1.961058964328838e+31,
      3.43486856089818e+31
    ]
  ],
  [
    [
      6.687632226792985,
      -6.731284399923099,
      0.40118701296974635,
      -3.043823854993888,
      1.4761815503294162,
      -2.4423807811486364,
      2.007805169451135,
      9.002930933126926,
      0.9982425400360118,
      -5.170663673129825,
      0.177908537261386
    ],
    [
      1.9610589623711987e+31,
      3.434868558204936e+31
    ]
  ],
  [
    [
      6.687632226792985,
      -6.731284399923099,
      0.40118701296974635,
      -3.043823854993888,
      2.568718034024954,
      -2.4423807811486364,
      2.007805169451135,
      9.002930933126926,
      0.9982425400360118,
      -5.170663673129825,
      0.177908537261386
    ],
    [
      1.961058964328838e+31,
      3.43486856089818e+31
    ]
  ],
  [
    [
      6.687632226792985,
      -6.731284399923099,
      0.40118701296974635,
      -3.043823854993888,
      2.568718034024954,
      -2.4423807811486364,
      2.007805169451135,
      9.002930933126926,
      -1.231833519313481,
      -5.170663673129825,
      -1.5938318836620464
    ],
    [
      1.4953491433580884e+33,
      2.0042891105016914e+33
    ]
  ],
  [
    [
      -6.87605529267437,
      -6.731284399923099,
      0.40118701296974635,
      -3.043823854993888,
      2.568718034024954,
      -2.4423807811486364,
      2.007805169451135,
      9.002930933126926,
      0.9982425400360118,
      -5.170663673129825,
      0.177908537261386
    ],
    [
      1.9610589643288326e+31,
      3.434868560898172e+31
    ]
  ],
  [
    [
      6.687632226792985,
      -6.731284399923099,
      0.40118701296974635,
      -3.043823854993888,
      2.568718034024954,
      -2.4423807811486364,
      6.042182302534265,
      9.002930933126926,
      0.9982425400360118,
      8.93778155236992,
      0.177908537261386
    ],
    [
      4.8289149573628535e+31,
      5.4108659711613455e+31
    ]
  ],
  [
    [
      6.687632226792985,
      -6.731284399923099,
      0.40118701296974635,
      -3.043823854993888,
      2.568718034024954,
      -5.608618031988315,
      2.007805169451135,
      9.002930933126926,
      0.9982425400360118,
      -5.170663673129825,
      0.177908537261386
    ],
    [
      1.961059089538201e+31,
      3.4348687678324615e+31
    ]
  ],
  [
    [
      6.687632226792985,
      -6.731284399923099,
      0.40118701296974635,
      -3.043823854993888,
      2.568718034024954,
      -2.4423807811486364,
      2.007805169451135,
      9.002930933126926,
      0.9982425400360118,
      -5.170663673129825,
      0.177908537261386
    ],
    [
      1.961058964328838e+31,
      3.43486856089818e+31
    ]
  ],
  [
    [
      6.687632226792985,
      -6.731284399923099,
      -6.286940110777688,
      -3.043823854993888,
      2.568718034024954,
      -2.4423807811486364,
      2.007805169451135,
      9.002930933126926,
      0.9982425400360118,
      -5.170663673129825,
      0.177908537261386
    ],
    [
      1.9610589643230984e+31,
      3.4348685608907787e+31
    ]
  ],
  [
    [
      6.687632226792985,
      -6.731284399923099,
      0.40118701296974635,
      -3.043823854993888,
      2.568718034024954,
      -2.4423807811486364,
      2.007805169451135,
      9.002930933126926,
      0.9982425400360118,
      -5.170663673129825,
      0.177908537261386
    ],
    [
      1.961058964328838e+31,
      3.43486856089818e+31
    ]
  ],
  [
    [
      6.687632226792985,
      -6.731284399923099,
      -4.1048256933533285,
      -3.043823854993888,
      2.568718034024954,
      -2.4423807811486364,
      2.007805169451135,
      9.002930933126926,
      0.9982425400360118,
      -5.170663673129825,
      0.177908537261386
    ],
    [
      1.9610589643249712e+31,
      3.4348685608931935e+31
    ]
  ],
  [
    [
      6.687632226792985,
      -6.731284399923099,
      0.40118701296974635,
      -3.043823854993888,
      2.568718034024954,
      -2.4423807811486364,
      2.007805169451135,
      9.002930933126926,
      0.9982425400360118,
      -3.760361370724903,
      0.177908537261386
    ],
    [
      1.7791106097559213e+31,
      2.9872703339002204e+31
    ]
  ],
  [
    [
      -0.688000680667141,
      -6.731284399923099,
      0.40118701296974635,
      -3.043823854993888,
      -7.2137350205373085,
      -2.4423807811486364,
      2.007805169451135,
      9.002930933126926,
      0.9982425400360118,
      -5.170663673129825,
      0.177908537261386
    ],
    [
      1.9610589468003405e+31,
      3.434868536783175e+31
    ]
  ],
  [
    [
      -8.322858772243436,
      -6.731284399923099,
      0.40118701296974635,
      -3.043823854993888,
      7.671946579543082,
      -2.4423807811486364,
      2.007805169451135,
      9.002930933126926,
      0.9982425400360118,
      -5.170663673129825,
      0.177908537261386
    ],
    [
      1.9610589734729512e+31,
      3.4348685734782856e+31
    ]
  ],
  [
    [
      6.687632226792985,
      -6.731284399923099,
      -1.7042290081629723,
      -3.043823854993888,
      2.568718034024954,
      -2.4423807811486364,
      2.007805169451135,
      9.002930933126926,
      0.9982425400360118,
      3.2208201756523103,
      0.177908537261386
    ],
    [
      2.4114262152363993e+31,
      2.8819544106254135e+31
    ]
  ],
  [
    [
      6.687632226792985,
      -6.731284399923099,
      0.40118701296974635,
      -3.043823854993888,
      2.568718034024954,
      -2.4423807811486364,
      2.007805169451135,
      9.002930933126926,
      0.9982425400360118,
      -5.170663673129825,
      0.177908537261386
    ],
    [
      1.961058964328838e+31,
      3.43486856089818e+31
    ]
  ],
  [
    [
      6.687632226792985,
      -6.731284399923099,
      0.40118701296974635,
      -3.043823854993888,
      2.568718034024954,
      -9.913923195983752,
      2.007805169451135,
      9.002930933126926,
      0.9982425400360118,
      -5.170663673129825,
      0.177908537261386
    ],
    [
      1.961059259792228e+31,
      3.434869049212327e+31
    ]
  ],
  [
    [
      6.687632226792985,
      -8.688236399934116,
      0.40118701296974635,
      -3.043823854993888,
      2.568718034024954,
      -2.4423807811486364,
      3.8796759729112296,
      9.002930933126926,
      0.9982425400360118,
      -5.170663673129825,
      0.177908537261386
    ],
    [
      1.9610660424314122e+31,
      3.434878883105658e+31
    ]
  ],
  [
    [
      6.687632226792985,
      -6.731284399923099,
      0.40118701296974635,
      -3.043823854993888,
      -8.060799649460964,
      7.32771985955495,
      2.007805169451135,
      9.002930933126926,
      0.9982425400360118,
      -5.170663673129825,
      0.177908537261386
    ],
    [
      1.9610585589225007e+31,
      3.4348678961553876e+31
    ]
  ],
  [
    [
      6.687632226792985,
      -6.731284399923099,
      0.40118701296974635,
      -3.043823854993888,
      2.568718034024954,
      -2.4423807811486364,
      2.007805169451135,
      9.002930933126926,
      0.9982425400360118,
      -5.170663673129825,
      0.177908537261386
    ],
    [
      1.961058964328838e+31,
      3.43486856089818e+31
    ]
  ],
  [
    [
      6.687632226792985,
      -6.731284399923099,
      0.40118701296974635,
      -3.043823854993888,
      2.568718034024954,
      -2.4423807811486364,
      2.007805169451135,
      9.002930933126926,
      0.9982425400360118,
      -5.170663673129825,
      0.177908537261386
    ],
    [
      1.961058964328838e+31,
      3.43486856089818e+31
    ]
  ],
  [
    [
      6.687632226792985,
      -6.731284399923099,
      0.40118701296974635,
      -3.043823854993888,
      2.568718034024954,
      -2.4423807811486364,
      2.007805169451135,
      9.002930933126926,
      0.9982425400360118,
      -5.170663673129825,
      0.177908537261386
    ],
    [
      1.961058964328838e+31,
      3.43486856089818e+31
    ]
  ],
  [
    [
      6.687632226792985,
      -6.731284399923099,
      0.40118701296974635,
      -3.043823854993888,
      2.568718034024954,
      -2.4423807811486364,
      2.007805169451135,
      9.002930933126926,
      0.9982425400360118,
      -5.170663673129825,
      -2.560228095599375
    ],
    [
      3.7963993080461283e+33,
      5.149212621368094e+33
    ]
  ],
  [
    [
      6.687632226792985,
      -6.731284399923099,
      0.40118701296974635,
      -3.043823854993888,
      2.568718034024954,
      -2.4423807811486364,
      2.007805169451135,
      9.002930933126926,
      0.9982425400360118,
      -5.170663673129825,
      0.177908537261386
    ],
    [
      1.961058964328838e+31,
      3.43486856089818e+31
    ]
  ],
  [
    [
      6.687632226792985,
      -6.731284399923099,
      0.8492340224588482,
      -3.043823854993888,
      2.568718034024954,
      2.079012931841614,
      -6.930649098153944,
      9.002930933126926,
      0.9982425400360118,
      1.5928059777496522,
      0.177908537261386
    ],
    [
      2.035875308555099e+31,
      2.5925127887472695e+31
    ]
  ],
  [
    [
      6.687632226792985,
      -6.731284399923099,
      0.40118701296974635,
      -3.043823854993888,
      2.568718034024954,
      -2.4423807811486364,
      2.007805169451135,
      9.002930933126926,
      0.9982425400360118,
      -5.170663673129825,
      0.177908537261386
    ],
    [
      1.961058964328838e+31,
      3.43486856089818e+31
    ]
  ],
  [
    [
      6.687632226792985,
      -6.731284399923099,
      0.8492340224588482,
      -3.043823854993888,
      2.568718034024954,
      2.079012931841614,
      5.643532488390255,
      9.002930933126926,
      0.9982425400360118,
      1.5928059777496522,
      0.177908537261386
    ],
    [
      2.0359318662417146e+31,
      2.5925891711238416e+31
    ]
  ],
  [
    [
      6.687632226792985,
      -6.731284399923099,
      0.8492340224588482,
      -3.043823854993888,
      2.568718034024954,
      2.079012931841614,
      0.9809528776844108,
      9.002930933126926,
      0.9982425400360118,
      1.5928059777496522,
      0.177908537261386
    ],
    [
      2.035910894224858e+31,
      2.5925608479603213e+31
    ]
  ],
  [
    [
      6.687632226792985,
      -6.731284399923099,
      0.8492340224588482,
      -3.043823854993888,
      2.568718034024954,
      2.079012931841614,
      -6.930649098153944,
      9.002930933126926,
      0.9982425400360118,
      1.5928059777496522,
      0.177908537261386
    ],
    [
      2.035875308555099e+31,
      2.5925127887472695e+31
    ]
  ],
  [
    [
      6.687632226792985,
      -6.731284399923099,
      0.8492340224588482,
      -3.043823854993888,
      2.568718034024954,
      2.079012931841614,
      -6.930649098153944,
      9.002930933126926,
      -6.659115065371159,
      1.5928059777496522,
      0.177908537261386
    ],
    [
      1.9620376687764066e+31,
      2.493957124695552e+31
    ]
  ],
  [
    [
      -6.690001359783924,
      -6.731284399923099,
      0.8492340224588482,
      -3.043823854993888,
      2.568718034024954,
      2.079012931841614,
      -6.930649098153944,
      0.6767410499083049,
      0.9982425400360118,
      1.5928059777496522,
      0.177908537261386
    ],
    [
      2.035180590567034e+31,
      2.5919334058491935e+31
    ]
  ],
  [
    [
      1.305585885203321,
      -6.731284399923099,
      0.8492340224588482,
      -3.043823854993888,
      2.568718034024954,
      2.079012931841614,
      -6.930649098153944,
      9.002930933126926,
      0.9982425400360118,
      1.5928059777496522,
      0.177908537261386
    ],
    [
      2.0358753085550964e+31,
      2.5925127887472663e+31
    ]
  ],
  [
    [
      6.687632226792985,
      -6.731284399923099,
      -0.3948707190876828,
      -3.043823854993888,
      2.568718034024954,
      2.079012931841614,
      -6.930649098153944,
      9.002930933126926,
      0.9982425400360118,
      1.5928059777496522,
      -1.3410616237575361
    ],
    [
      1.0062477664160648e+33,
      1.4093397501620533e+33
    ]
  ],
  [
    [
      -8.591145112800406,
      -6.731284399923099,
      0.8492340224588482,
      -3.043823854993888,
      2.568718034024954,
      2.079012931841614,
      -6.930649098153944,
      9.002930933126926,
      0.9982425400360118,
      1.5928059777496522,
      0.177908537261386
    ],
    [
      2.035875308555092e+31,
      2.59251278874726e+31
    ]
  ],
  [
    [
      6.687632226792985,
      -6.731284399923099,
      0.8492340224588482,
      -3.043823854993888,
      2.568718034024954,
      4.488915737626391,
      -6.930649098153944,
      9.002930933126926,
      0.9982425400360118,
      1.5928059777496522,
      0.177908537261386
    ],
    [
      2.0358753976226822e+31,
      2.5925128841054648e+31
    ]
  ],
  [
    [
      6.687632226792985,
      -6.731284399923099,
      0.8492340224588482,
      -3.043823854993888,
      2.568718034024954,
      2.079012931841614,
      -6.930649098153944,
      9.002930933126926,
      0.9982425400360118,
      1.5928059777496522,
      0.177908537261386
    ],
    [
      2.035875308555099e+31,
      2.5925127887472695e+31
    ]
  ],
  [
    [
      6.687632226792985,
      -6.731284399923099,
      0.8492340224588482,
      -3.043823854993888,
      2.568718034024954,
      2.079012931841614,
      -5.098202352277992,
      9.002930933126926,
      0.9982425400360118,
      1.5928059777496522,
      0.177908537261386
    ],
    [
      2.0358835507051605e+31,
      2.592523919947727e+31
    ]
  ],
  [
    [
      6.687632226792985,
      -6.731284399923099,
      0.8492340224588482,
      -3.043823854993888,
      2.568718034024954,
      2.079012931841614,
      -6.930649098153944,
      9.002930933126926,
      0.9982425400360118,
      1.5928059777496522,
      0.177908537261386
    ],
    [
      2.035875308555099e+31,
      2.5925127887472695e+31
    ]
  ],
  [
    [
      6.687632226792985,
      -6.731284399923099,
      0.8492340224588482,
      -3.043823854993888,
      2.568718034024954,
      2.079012931841614,
      -6.930649098153944,
      9.002930933126926,
      0.9982425400360118,
      4.4993671547681195,
      0.177908537261386
    ],
    [
      2.8035325353495955e+31,
      3.243036499328906e+31
    ]
  ],
  [
    [
      6.687632226792985,
      -6.731284399923099,
      0.8492340224588482,
      -3.043823854993888,
      2.568718034024954,
      2.079012931841614,
      -6.930649098153944,
      9.002930933126926,
      -7.120669571244158,
      1.5928059777496522,
      0.177908537261386
    ],
    [
      1.957632504711742e+31,
      2.4880790050105983e+31
    ]
  ],
  [
    [
      6.687632226792985,
      -6.731284399923099,
      0.8492340224588482,
      -3.043823854993888,
      -8.613951732782848,
      2.079012931841614,
      -6.930649098153944,
      9.002930933126926,
      0.9982425400360118,
      -4.034249335759739,
      0.177908537261386
    ],
    [
      1.8062661169428478e+31,
      3.0629334715220787e+31
    ]
  ],
  [
    [
      6.687632226792985,
      -6.731284399923099,
      0.8492340224588482,
      -3.043823854993888,
      2.568718034024954,
      2.079012931841614,
      -6.930649098153944,
      9.002930933126926,
      0.9982425400360118,
      1.5928059777496522,
      0.177908537261386
    ],
    [
      2.035875308555099e+31,
      2.5925127887472695e+31
    ]
  ],
  [
    [
      1.8373158125925553,
      -6.731284399923099,
      0.8492340224588482,
      -3.043823854993888,
      2.568718034024954,
      2.079012931841614,
      -6.930649098153944,
      9.002930933126926,
      0.9982425400360118,
      1.5928059777496522,
      0.177908537261386
    ],
    [
      2.0358753085550964e+31,
      2.5925127887472663e+31
    ]
  ],
  [
    [
      6.687632226792985,
      -6.731284399923099,
      0.8492340224588482,
      -3.043823854993888,
      2.568718034024954,
      2.079012931841614,
      -6.930649098153944,
      9.002930933126926,
      0.9982425400360118,
      1.5928059777496522,
      0.177908537261386
    ],
    [
      2.035875308555099e+31,
      2.5925127887472695e+31
    ]
  ],
  [
    [
      6.687632226792985,
      -6.731284399923099,
      0.8492340224588482,
      -3.043823854993888,
      2.568718034024954,
      2.079012931841614,
      -6.930649098153944,
      9.002930933126926,
      0.9982425400360118,
      1.5928059777496522,
      0.177908537261386
    ],
    [
      2.035875308555099e+31,
      2.5925127887472695e+31
    ]
  ],
  [
    [
      6.687632226792985,
      -6.731284399923099,
      0.8492340224588482,
      -3.043823854993888,
      2.568718034024954,
      2.079012931841614,
      -6.930649098153944,
      9.002930933126926,
      0.9982425400360118,
      1.5928059777496522,
      0.177908537261386
    ],
    [
      2.035875308555099e+31,
      2.5925127887472695e+31
    ]
  ],
  [
    [
      6.687632226792985,
      -6.731284399923099,
      0.8492340224588482,
      -3.043823854993888,
      2.568718034024954,
      2.079012931841614,
      -6.930649098153944,
      9.002930933126926,
      0.9982425400360118,
      1.5928059777496522,
      0.177908537261386
    ],
    [
      2.035875308555099e+31,
      2.5925127887472695e+31
    ]
  ],
  [
    [
      6.687632226792985,
      -4.308198095442206,
      0.8492340224588482,
      -3.043823854993888,
      2.568718034024954,
      2.079012931841614,
      -8.53347514130282,
      9.002930933126926,
      0.9982425400360118,
      1.5928059777496522,
      6.389519036483527
    ],
    [
      2.3191635741811577e+34,
      3.2012759707066574e+34
    ]
  ],
  [
    [
      6.687632226792985,
      -6.731284399923099,
      0.8492340224588482,
      -3.043823854993888,
      2.568718034024954,
      2.079012931841614,
      -6.930649098153944,
      9.002930933126926,
      0.9982425400360118,
      1.5928059777496522,
      0.177908537261386
    ],
    [
      2.035875308555099e+31,
      2.5925127887472695e+31
    ]
  ],
  [
    [
      6.687632226792985,
      -6.731284399923099,
      0.8492340224588482,
      -3.043823854993888,
      2.568718034024954,
      2.079012931841614,
      -6.930649098153944,
      9.002930933126926,
      0.9982425400360118,
      1.5928059777496522,
      0.177908537261386
    ],
    [
      2.035875308555099e+31,
      2.5925127887472695e+31
    ]
  ],
  [
    [
      6.687632226792985,
      -6.731284399923099,
      0.8492340224588482,
      -3.043823854993888,
      2.568718034024954,
      8.893727156166424,
      -6.930649098153944,
      9.002930933126926,
      0.9982425400360118,
      1.5928059777496522,
      0.177908537261386
    ],
    [
      2.0358755604201198e+31,
      2.5925130584008727e+31
    ]
  ],
  [
    [
      -4.461448611614756,
      -6.731284399923099,
      -0.6973523753255311,
      -3.043823854993888,
      2.568718034024954,
      2.079012931841614,
      -6.930649098153944,
      9.002930933126926,
      0.9982425400360118,
      1.5928059777496522,
      0.177908537261386
    ],
    [
      2.0358753085535864e+31,
      2.59251278874516e+31
    ]
  ],
  [
    [
      6.687632226792985,
      -6.731284399923099,
      0.8492340224588482,
      -3.043823854993888,
      2.568718034024954,
      2.079012931841614,
      -6.930649098153944,
      9.002930933126926,
      0.9982425400360118,
      1.5928059777496522,
      0.177908537261386
    ],
    [
      2.035875308555099e+31,
      2.5925127887472695e+31
    ]
  ],
  [
    [
      0.1568238511003912,
      2.828427777211939,
      0.8492340224588482,
      -3.043823854993888,
      2.568718034024954,
      2.079012931841614,
      -6.930649098153944,
      9.002930933126926,
      0.9982425400360118,
      1.5928059777496522,
      0.177908537261386
    ],
    [
      2.0358753085551635e+31,
      2.5925127887473816e+31
    ]
  ],
  [
    [
      6.687632226792985,
      -6.731284399923099,
      9.235588721284742,
      -3.043823854993888,
      2.568718034024954,
      2.079012931841614,
      -6.930649098153944,
      -6.46529603489453,
      9.976966053178625,
      1.5928059777496522,
      0.177908537261386
    ],
    [
      2.122962224657574e+31,
      2.7094763334345664e+31
    ]
  ],
  [
    [
      0.9810133964083008,
      -6.731284399923099,
      0.8492340224588482,
      -3.043823854993888,
      2.568718034024954,
      2.079012931841614,
      -6.930649098153944,
      9.002930933126926,
      0.9982425400360118,
      -4.59294237695244,
      0.177908537261386
    ],
    [
      1.8739037088671504e+31,
      3.234135480292622e+31
    ]
  ],
  [
    [
      6.687632226792985,
      -6.731284399923099,
      0.8492340224588482,
      0.38455653575237214,
      2.568718034024954,
      2.079012931841614,
      -6.930649098153944,
      9.002930933126926,
      0.9982425400360118,
      1.5928059777496522,
      0.177908537261386
    ],
    [
      2.035875308610901e+31,
      2.592512788822969e+31
    ]
  ],
  [
    [
      6.687632226792985,
      -6.731284399923099,
      0.8492340224588482,
      -3.043823854993888,
      -1.6958079402517985,
      2.079012931841614,
      -6.930649098153944,
      2.695244773707376,
      0.9982425400360118,
      1.5928059777496522,
      0.177908537261386
    ],
    [
      2.035348928929491e+31,
      2.592073753677419e+31
    ]
  ],
  [
    [
      6.687632226792985,
      -6.731284399923099,
      0.8492340224588482,
      -3.043823854993888,
      2.568718034024954,
      2.079012931841614,
      -6.930649098153944,
      9.002930933126926,
      0.9982425400360118,
      1.5928059777496522,
      0.177908537261386
    ],
    [
      2.035875308555099e+31,
      2.5925127887472695e+31
    ]
  ],
  [
    [
      6.687632226792985,
      -6.731284399923099,
      0.8492340224588482,
      -3.043823854993888,
      -6.482140113740005,
      2.079012931841614,
      -6.930649098153944,
      -0.9281354077069466,
      0.9982425400360118,
      1.5928059777496522,
      0.177908537261386
    ],
    [
      2.0350467546442184e+31,
      2.5918218273021733e+31
    ]
  ],
  [
    [
      6.687632226792985,
      -6.731284399923099,
      0.8492340224588482,
      -3.043823854993888,
      2.568718034024954,
      2.079012931841614,
      -6.930649098153944,
      9.002930933126926,
      0.9982425400360118,
      1.9209071180473245,
      0.177908537261386
    ],
    [
      2.100392723219216e+31,
      2.635469964607338e+31
    ]
  ],
  [
    [
      6.687632226792985,
      -6.731284399923099,
      0.8492340224588482,
      -3.043823854993888,
      2.568718034024954,
      2.079012931841614,
      -6.930649098153944,
      9.002930933126926,
      0.9982425400360118,
      1.5928059777496522,
      0.177908537261386
    ],
    [
      2.035875308555099e+31,
      2.5925127887472695e+31
    ]
  ],
  [
    [
      6.687632226792985,
      -6.731284399923099,
      0.8492340224588482,
      -3.043823854993888,
      2.568718034024954,
      0.8704959701432724,
      7.8064051360686975,
      9.002930933126926,
      -6.247206218792423,
      1.5928059777496522,
      0.177908537261386
    ],
    [
      1.9660384049908512e+31,
      2.499296792800704e+31
    ]
  ],
  [
    [
      6.687632226792985,
      -6.731284399923099,
      0.8492340224588482,
      -3.043823854993888,
      2.568718034024954,
      2.079012931841614,
      -6.930649098153944,
      9.002930933126926,
      0.9982425400360118,
      1.5928059777496522,
      0.177908537261386
    ],
    [
      2.035875308555099e+31,
      2.5925127887472695e+31
    ]
  ],
  [
    [
      -4.042553878232402,
      -6.731284399923099,
      0.8492340224588482,
      5.3078764114901915,
      2.568718034024954,
      2.079012931841614,
      -6.930649098153944,
      9.002930933126926,
      0.9982425400360118,
      1.5928059777496522,
      0.177908537261386
    ],
    [
      2.0358753086910295e+31,
      2.5925127889316702e+31
    ]
  ],
  [
    [
      6.687632226792985,
      -6.731284399923099,
      0.8492340224588482,
      -3.043823854993888,
      2.568718034024954,
      2.079012931841614,
      -6.930649098153944,
      9.002930933126926,
      0.9982425400360118,
      1.5928059777496522,
      6.277964651838317
    ],
    [
      2.2390008981536163e+34,
      3.090485191687433e+34
    ]
  ],
  [
    [
      6.687632226792985,
      -6.731284399923099,
      0.8492340224588482,
      -3.043823854993888,
      2.568718034024954,
      2.079012931841614,
      -6.930649098153944,
      9.002930933126926,
      -7.120669571244158,
      1.5928059777496522,
      0.177908537261386
    ],
    [
      1.957632504711742e+31,
      2.4880790050105983e+31
    ]
  ],
  [
    [
      6.687632226792985,
      -0.07599965768809724,
      -4.810962895967368,
      -3.043823854993888,
      2.568718034024954,
      2.079012931841614,
      -6.930649098153944,
      9.002930933126926,
      -7.120669571244158,
      9.737662820642775,
      -3.67029018984476
    ],
    [
      7.460221124843249e+33,
      1.0605415842474773e+34
    ]
  ],
  [
    [
      6.687632226792985,
      -6.731284399923099,
      0.8492340224588482,
      -3.043823854993888,
      2.568718034024954,
      2.079012931841614,
      -6.930649098153944,
      9.002930933126926,
      -7.120669571244158,
      1.5928059777496522,
      7.034143651718679
    ],
    [
      2.8070133157572305e+34,
      3.8755884921605595e+34
    ]
  ],
  [
    [
      6.687632226792985,
      -6.731284399923099,
      0.8492340224588482,
      -3.043823854993888,
      2.568718034024954,
      2.079012931841614,
      -6.930649098153944,
      9.002930933126926,
      2.645447707759754,
      1.5928059777496522,
      0.177908537261386
    ],
    [
      2.0519447933357805e+31,
      2.6139687799670554e+31
    ]
  ],
  [
    [
      6.687632226792985,
      -6.731284399923099,
      0.8492340224588482,
      -3.043823854993888,
      -9.566235689439216,
      2.079012931841614,
      -6.930649098153944,
      9.002930933126926,
      -7.120669571244158,
      1.5928059777496522,
      0.177908537261386
    ],
    [
      1.9576324799037662e+31,
      2.4880789710129103e+31
    ]
  ],
  [
    [
      1.046812452889366,
      -6.731284399923099,
      0.8492340224588482,
      -3.043823854993888,
      2.568718034024954,
      2.079012931841614,
      -6.930649098153944,
      -2.6087288689362538,
      -7.120669571244158,
      1.5928059777496522,
      0.177908537261386
    ],
    [
      1.956673859559479e+31,
      2.487279104920627e+31
    ]
  ],
  [
    [
      6.687632226792985,
      -6.731284399923099,
      0.8492340224588482,
      -3.043823854993888,
      2.568718034024954,
      2.079012931841614,
      -6.930649098153944,
      9.002930933126926,
      -7.120669571244158,
      -6.541385549225483,
      0.177908537261386
    ],
    [
      2.175942374551466e+31,
      3.9088206747193e+31
    ]
  ],
  [
    [
      6.687632226792985,
      -6.731284399923099,
      0.8492340224588482,
      -3.043823854993888,
      2.568718034024954,
      2.079012931841614,
      -6.930649098153944,
      9.002930933126926,
      -7.120669571244158,
      1.5928059777496522,
      0.177908537261386
    ],
    [
      1.957632504711742e+31,
      2.4880790050105983e+31
    ]
  ],
  [
    [
      6.687632226792985,
      -6.731284399923099,
      0.8492340224588482,
      -3.043823854993888,
      2.568718034024954,
      2.079012931841614,
      -6.930649098153944,
      9.002930933126926,
      -7.120669571244158,
      1.5928059777496522,
      0.177908537261386
    ],
    [
      1.957632504711742e+31,
      2.4880790050105983e+31
    ]
  ],
  [
    [
      6.687632226792985,
      -6.731284399923099,
      0.8492340224588482,
      -3.043823854993888,
      2.568718034024954,
      2.079012931841614,
      -6.930649098153944,
      9.002930933126926,
      -7.120669571244158,
      1.5928059777496522,
      0.177908537261386
    ],
    [
      1.957632504711742e+31,
      2.4880790050105983e+31
    ]
  ],
  [
    [
      6.687632226792985,
      -6.731284399923099,
      0.8492340224588482,
      -3.043823854993888,
      2.568718034024954,
      2.079012931841614,
      -6.930649098153944,
      9.002930933126926,
      -7.120669571244158,
      1.5928059777496522,
      0.177908537261386
    ],
    [
      1.957632504711742e+31,
      2.4880790050105983e+31
    ]
  ],
  [
    [
      6.687632226792985,
      -6.731284399923099,
      0.8492340224588482,
      -3.043823854993888,
      2.568718034024954,
      2.079012931841614,
      -6.930649098153944,
      9.002930933126926,
      -7.120669571244158,
      1.5928059777496522,
      0.177908537261386
    ],
    [
      1.957632504711742e+31,
      2.4880790050105983e+31
    ]
  ],
  [
    [
      6.687632226792985,
      -6.731284399923099,
      0.8492340224588482,
      -3.043823854993888,
      2.568718034024954,
      2.079012931841614,
      -6.930649098153944,
      3.6257824032873636,
      -7.120669571244158,
      1.5928059777496522,
      0.177908537261386
    ],
    [
      1.9571883839708896e+31,
      2.48770832578371e+31
    ]
  ],
  [
    [
      6.687632226792985,
      4.241625430796404,
      0.8492340224588482,
      -3.043823854993888,
      2.568718034024954,
      2.079012931841614,
      -6.930649098153944,
      9.002930933126926,
      4.449358409275595,
      1.5928059777496522,
      -5.549328964823106
    ],
    [
      1.738124301741819e+34,
      2.4122496806411195e+34
    ]
  ],
  [
    [
      8.278294109615423,
      -6.731284399923099,
      0.8492340224588482,
      -3.043823854993888,
      2.568718034024954,
      2.079012931841614,
      -6.930649098153944,
      9.002930933126926,
      7.4064467795224616,
      1.5928059777496522,
      0.177908537261386
    ],
    [
      2.0987614254067465e+31,
      2.6764922747952107e+31
    ]
  ],
  [
    [
      6.687632226792985,
      -6.731284399923099,
      0.8492340224588482,
      -3.043823854993888,
      2.568718034024954,
      -0.8245943185286926,
      -6.930649098153944,
      0.29369090697388067,
      -2.7706931174025247,
      8.0975830472407,
      7.688904040900166
    ],
    [
      3.386170360656934e+34,
      4.636781111541127e+34
    ]
  ],
  [
    [
      6.687632226792985,
      -6.731284399923099,
      0.8492340224588482,
      -3.043823854993888,
      2.568718034024954,
      2.079012931841614,
      -2.5183803855666875,
      9.002930933126926,
      -7.120669571244158,
      1.5928059777496522,
      0.177908537261386
    ],
    [
      1.957651945449975e+31,
      2.48810525164187e+31
    ]
  ],
  [
    [
      6.687632226792985,
      -6.731284399923099,
      0.8492340224588482,
      -3.043823854993888,
      2.568718034024954,
      2.079012931841614,
      -6.930649098153944,
      1.0668418910379547,
      -7.120669571244158,
      1.5928059777496522,
      0.177908537261386
    ],
    [
      1.956977145439346e+31,
      2.4875320801309526e+31
    ]
  ],
  [
    [
      6.687632226792985,
      -6.731284399923099,
      0.8492340224588482,
      -3.043823854993888,
      2.568718034024954,
      2.079012931841614,
      -6.930649098153944,
      9.002930933126926,
      -7.120669571244158,
      1.5928059777496522,
      -6.027759076724353
    ],
    [
      2.0549853718098934e+34,
      2.8513113217408065e+34
    ]
  ],
  [
    [
      6.687632226792985,
      -6.731284399923099,
      0.8492340224588482,
      -3.043823854993888,
      -4.428701947309661,
      2.079012931841614,
      -1.9851060005129657,
      9.002930933126926,
      -7.120669571244158,
      1.5928059777496522,
      0.177908537261386
    ],
    [
      1.957654280792841e+31,
      2.488108404260149e+31
    ]
  ],
  [
    [
      6.687632226792985,
      -6.731284399923099,
      0.8492340224588482,
      -3.043823854993888,
      2.568718034024954,
      2.079012931841614,
      -6.930649098153944,
      9.002930933126926,
      -7.120669571244158,
      1.5928059777496522,
      0.177908537261386
    ],
    [
      1.957632504711742e+31,
      2.4880790050105983e+31
    ]
  ],
  [
    [
      -8.14357105369371,
      -6.731284399923099,
      0.8492340224588482,
      -3.043823854993888,
      2.568718034024954,
      2.079012931841614,
      -6.930649098153944,
      9.002930933126926,
      -7.120669571244158,
      1.5928059777496522,
      0.177908537261386
    ],
    [
      1.9576325047117355e+31,
      2.488079005010589e+31
    ]
  ],
  [
    [
      8.388708165538421,
      -6.731284399923099,
      0.8492340224588482,
      -3.043823854993888,
      7.459786509832373,
      2.079012931841614,
      -6.930649098153944,
      9.002930933126926,
      -7.120669571244158,
      1.5928059777496522,
      0.177908537261386
    ],
    [
      1.9576325147107512e+31,
      2.488079018713579e+31
    ]
  ],
  [
    [
      6.687632226792985,
      -6.731284399923099,
      0.8492340224588482,
      -3.043823854993888,
      2.568718034024954,
      2.079012931841614,
      -6.930649098153944,
      9.002930933126926,
      -7.120669571244158,
      1.5928059777496522,
      0.177908537261386
    ],
    [
      1.957632504711742e+31,
      2.4880790050105983e+31
    ]
  ],
  [
    [
      6.687632226792985,
      -6.731284399923099,
      0.8492340224588482,
      -3.043823854993888,
      2.568718034024954,
      -8.777137174315914,
      -6.930649098153944,
      9.002930933126926,
      -7.120669571244158,
      1.5928059777496522,
      0.177908537261386
    ],
    [
      1.957632107332419e+31,
      2.488078580596923e+31
    ]
  ],
  [
    [
      6.687632226792985,
      -6.731284399923099,
      0.8492340224588482,
      -3.043823854993888,
      2.568718034024954,
      -3.127606092574979,
      -6.930649098153944,
      9.002930933126926,
      -7.120669571244158,
      9.900756300511752,
      0.177908537261386
    ],
    [
      5.309215017340022e+31,
      5.957834799956412e+31
    ]
  ],
  [
    [
      1.6138775557621656,
      -6.731284399923099,
      0.8492340224588482,
      -3.043823854993888,
      2.568718034024954,
      2.079012931841614,
      -6.930649098153944,
      9.002930933126926,
      -7.120669571244158,
      0.16826411101195937,
      0.177908537261386
    ],
    [
      1.7457471374229846e+31,
      2.392573301246526e+31
    ]
  ],
  [
    [
      6.687632226792985,
      -6.731284399923099,
      0.8492340224588482,
      3.216163402827739,
      2.568718034024954,
      2.079012931841614,
      9.073397541412362,
      9.002930933126926,
      -7.120669571244158,
      1.5928059777496522,
      -9.042005904700572
    ],
    [
      4.626552128040133e+34,
      6.413695564966405e+34
    ]
  ],
  [
    [
      6.687632226792985,
      -6.731284399923099,
      0.8492340224588482,
      -3.043823854993888,
      2.568718034024954,
      -6.327207793723957,
      3.79771541980473,
      9.002930933126926,
      -7.120669571244158,
      1.5928059777496522,
      0.177908537261386
    ],
    [
      1.9576794670486138e+31,
      2.4881424949048737e+31
    ]
  ],
  [
    [
      6.687632226792985,
      -6.731284399923099,
      -8.926370359486054,
      -3.043823854993888,
      -6.013011173042171,
      2.079012931841614,
      -0.39064985877669045,
      9.002930933126926,
      -7.120669571244158,
      1.5928059777496522,
      0.177908537261386
    ],
    [
      1.9576613028503077e+31,
      2.488117884562492e+31
    ]
  ],
  [
    [
      6.687632226792985,
      -6.731284399923099,
      0.8492340224588482,
      -3.043823854993888,
      2.568718034024954,
      2.079012931841614,
      -6.930649098153944,
      9.002930933126926,
      -7.120669571244158,
      1.5928059777496522,
      0.177908537261386
    ],
    [
      1.957632504711742e+31,
      2.4880790050105983e+31
    ]
  ],
  [
    [
      6.687632226792985,
      -6.731284399923099,
      0.8492340224588482,
      -3.043823854993888,
      2.568718034024954,
      2.079012931841614,
      -6.930649098153944,
      9.002930933126926,
      -7.120669571244158,
      1.5928059777496522,
      5.9774307098093455
    ],
    [
      2.027510733133066e+34,
      2.798219467110767e+34
    ]
  ],
  [
    [
      6.687632226792985,
      -9.966538363538984,
      0.8492340224588482,
      -3.043823854993888,
      2.568718034024954,
      2.079012931841614,
      -6.930649098153944,
      9.002930933126926,
      -7.120669571244158,
      1.5928059777496522,
      0.177908537261386
    ],
    [
      1.9576325047117193e+31,
      2.4880790050105596e+31
    ]
  ],
  [
    [
      6.687632226792985,
      -6.731284399923099,
      0.8492340224588482,
      -3.043823854993888,
      2.568718034024954,
      2.079012931841614,
      -6.930649098153944,
      2.414337407323753,
      -7.120669571244158,
      1.5928059777496522,
      0.177908537261386
    ],
    [
      1.9570883709045147e+31,
      2.4876248754981954e+31
    ]
  ],
  [
    [
      6.687632226792985,
      -6.731284399923099,
      0.12570787798413008,
      -3.043823854993888,
      2.568718034024954,
      2.079012931841614,
      -6.930649098153944,
      9.002930933126926,
      -7.120669571244158,
      1.5928059777496522,
      0.177908537261386
    ],
    [
      1.9576325047110516e+31,
      2.488079005009635e+31
    ]
  ],
  [
    [
      6.687632226792985,
      -6.731284399923099,
      0.8492340224588482,
      -3.043823854993888,
      2.568718034024954,
      2.079012931841614,
      -6.930649098153944,
      9.002930933126926,
      -7.120669571244158,
      1.5928059777496522,
      0.177908537261386
    ],
    [
      1.957632504711742e+31,
      2.4880790050105983e+31
    ]
  ],
  [
    [
      6.687632226792985,
      -6.731284399923099,
      0.8492340224588482,
      -3.043823854993888,
      -6.988931771159839,
      2.079012931841614,
      -6.930649098153944,
      9.002930933126926,
      -7.120669571244158,
      1.5928059777496522,
      0.177908537261386
    ],
    [
      1.9576324851726523e+31,
      2.48807897823357e+31
    ]
  ],
  [
    [
      6.687632226792985,
      -6.731284399923099,
      0.8492340224588482,
      -3.043823854993888,
      2.568718034024954,
      2.079012931841614,
      -6.930649098153944,
      9.002930933126926,
      -7.120669571244158,
      1.5928059777496522,
      9.229258811844751
    ],
    [
      4.830652953121618e+34,
      6.673197082381797e+34
    ]
  ],
  [
    [
      6.687632226792985,
      -6.731284399923099,
      0.8492340224588482,
      -3.043823854993888,
      2.568718034024954,
      2.079012931841614,
      -6.930649098153944,
      9.002930933126926,
      -7.120669571244158,
      1.5928059777496522,
      0.177908537261386
    ],
    [
      1.957632504711742e+31,
      2.4880790050105983e+31
    ]
  ],
  [
    [
      6.687632226792985,
      -6.731284399923099,
      0.8492340224588482,
      -3.043823854993888,
      -1.8621309746371288,
      2.079012931841614,
      -2.566114639236437,
      9.002930933126926,
      -7.120669571244158,
      1.5928059777496522,
      0.177908537261386
    ],
    [
      1.9576517260710337e+31,
      2.488104955277508e+31
    ]
  ],
  [
    [
      1.6138775557621656,
      -6.731284399923099,
      0.8492340224588482,
      -3.043823854993888,
      1.3657183105684574,
      2.079012931841614,
      -6.930649098153944,
      9.002930933126926,
      -7.120669571244158,
      0.16826411101195937,
      0.177908537261386
    ],
    [
      1.745747135038556e+31,
      2.39257329797642e+31
    ]
  ],
  [
    [
      1.6138775557621656,
      -6.731284399923099,
      0.8492340224588482,
      -3.043823854993888,
      2.568718034024954,
      2.079012931841614,
      -6.930649098153944,
      9.002930933126926,
      -7.120669571244158,
      7.847842910641894,
      0.177908537261386
    ],
    [
      4.145007808479999e+31,
      4.6378695554261425e+31
    ]
  ],
  [
    [
      1.6138775557621656,
      -6.731284399923099,
      0.8492340224588482,
      -3.043823854993888,
      2.568718034024954,
      2.079012931841614,
      -6.930649098153944,
      9.002930933126926,
      -7.120669571244158,
      0.16826411101195937,
      0.177908537261386
    ],
    [
      1.7457471374229846e+31,
      2.392573301246526e+31
    ]
  ],
  [
    [
      1.6138775557621656,
      -6.731284399923099,
      0.8492340224588482,
      -3.043823854993888,
      2.568718034024954,
      2.079012931841614,
      -6.930649098153944,
      9.002930933126926,
      -7.120669571244158,
      0.16826411101195937,
      0.177908537261386
    ],
    [
      1.7457471374229846e+31,
      2.392573301246526e+31
    ]
  ],
  [
    [
      1.6138775557621656,
      -6.731284399923099,
      0.8492340224588482,
      -3.043823854993888,
      2.568718034024954,
      2.079012931841614,
      -6.930649098153944,
      9.002930933126926,
      -7.120669571244158,
      -9.5169254996264,
      0.177908537261386
    ],
    [
      3.1208475973805315e+31,
      5.619386951384309e+31
    ]
  ],
  [
    [
      1.6138775557621656,
      -6.731284399923099,
      0.8492340224588482,
      7.988331747822009,
      2.568718034024954,
      2.079012931841614,
      -6.930649098153944,
      9.002930933126926,
      -7.120669571244158,
      0.16826411101195937,
      0.177908537261386
    ],
    [
      1.7457471375175343e+31,
      2.392573301372282e+31
    ]
  ],
  [
    [
      1.6138775557621656,
      -6.731284399923099,
      0.8492340224588482,
      -3.043823854993888,
      2.568718034024954,
      2.079012931841614,
      -6.930649098153944,
      9.002930933126926,
      -7.120669571244158,
      0.16826411101195937,
      4.229825533340728
    ],
    [
      1.0123984660149051e+34,
      1.4004237354036788e+34
    ]
  ],
  [
    [
      1.6138775557621656,
      -6.731284399923099,
      8.175878837283442,
      -3.043823854993888,
      2.568718034024954,
      2.079012931841614,
      -6.930649098153944,
      9.002930933126926,
      8.57446445136641,
      0.16826411101195937,
      0.177908537261386
    ],
    [
      1.8928376580253308e+31,
      2.5943838576911223e+31
    ]
  ],
  [
    [
      1.6138775557621656,
      -6.731284399923099,
      0.8492340224588482,
      -3.043823854993888,
      -6.87543840487999,
      2.079012931841614,
      -6.930649098153944,
      9.002930933126926,
      -7.120669571244158,
      0.16826411101195937,
      -6.772526193851052
    ],
    [
      2.6002118207059242e+34,
      3.599135947138878e+34
    ]
  ],
  [
    [
      1.6138775557621656,
      -1.7658123650260809,
      7.630412489950082,
      -3.043823854993888,
      2.568718034024954,
      2.079012931841614,
      8.490031567305522,
      9.002930933126926,
      -7.120669571244158,
      -4.274448950881229,
      6.209974953684554
    ],
    [
      2.1672720093039316e+34,
      3.0200461120184453e+34
    ]
  ],
  [
    [
      1.6138775557621656,
      -6.731284399923099,
      0.8492340224588482,
      -7.215135472865515,
      2.568718034024954,
      2.079012931841614,
      -6.930649098153944,
      9.002930933126926,
      -7.120669571244158,
      0.16826411101195937,
      0.177908537261386
    ],
    [
      1.745747137387235e+31,
      2.3925733011989775e+31
    ]
  ],
  [
    [
      1.6138775557621656,
      -6.731284399923099,
      0.8492340224588482,
      -3.043823854993888,
      2.568718034024954,
      2.079012931841614,
      -6.930649098153944,
      9.002930933126926,
      -8.534352785427732,
      0.16826411101195937,
      0.177908537261386
    ],
    [
      1.732791960817625e+31,
      2.374798792728758e+31
    ]
  ],
  [
    [
      1.6138775557621656,
      -6.731284399923099,
      0.8492340224588482,
      -3.043823854993888,
      2.568718034024954,
      2.079012931841614,
      -6.930649098153944,
      9.002930933126926,
      -7.120669571244158,
      0.16826411101195937,
      0.177908537261386
    ],
    [
      1.7457471374229846e+31,
      2.392573301246526e+31
    ]
  ],
  [
    [
      -0.17145070395328688,
      -6.731284399923099,
      0.8492340224588482,
      5.198552792748982,
      2.568718034024954,
      2.079012931841614,
      -6.930649098153944,
      9.002930933126926,
      -7.120669571244158,
      0.16826411101195937,
      0.177908537261386
    ],
    [
      1.7457471374936238e+31,
      2.3925733013404797e+31
    ]
  ],
  [
    [
      1.6138775557621656,
      -6.731284399923099,
      0.8492340224588482,
      -3.043823854993888,
      2.568718034024954,
      2.079012931841614,
      -6.930649098153944,
      -3.2233014768121855,
      -7.120669571244158,
      0.16826411101195937,
      0.177908537261386
    ],
    [
      1.7451604653758379e+31,
      2.3923113223269003e+31
    ]
  ],
  [
    [
      1.6138775557621656,
      -6.731284399923099,
      0.8492340224588482,
      0.7674890233886416,
      2.568718034024954,
      2.079012931841614,
      -6.930649098153944,
      9.002930933126926,
      -7.120669571244158,
      0.16826411101195937,
      0.177908537261386
    ],
    [
      1.7457471374556487e+31,
      2.3925733012899714e+31
    ]
  ],
  [
    [
      1.6138775557621656,
      -6.731284399923099,
      0.8492340224588482,
      -3.043823854993888,
      4.354453886255612,
      2.079012931841614,
      -6.930649098153944,
      9.002930933126926,
      -7.120669571244158,
      0.16826411101195937,
      0.177908537261386
    ],
    [
      1.7457471409624367e+31,
      2.39257330610068e+31
    ]
  ],
  [
    [
      1.6138775557621656,
      -6.731284399923099,
      0.8492340224588482,
      -3.043823854993888,
      2.568718034024954,
      2.079012931841614,
      -6.930649098153944,
      9.002930933126926,
      -7.120669571244158,
      0.16826411101195937,
      0.177908537261386
    ],
    [
      1.7457471374229846e+31,
      2.392573301246526e+31
    ]
  ],
  [
    [
      1.6138775557621656,
      -6.731284399923099,
      0.8492340224588482,
      -3.043823854993888,
      2.568718034024954,
      2.079012931841614,
      -6.930649098153944,
      9.002930933126926,
      -7.120669571244158,
      0.16826411101195937,
      0.177908537261386
    ],
    [
      1.7457471374229846e+31,
      2.392573301246526e+31
    ]
  ],
  [
    [
      1.6138775557621656,
      -8.28542687640068,
      0.8492340224588482,
      -3.043823854993888,
      2.568718034024954,
      2.079012931841614,
      -0.61211074242253,
      -0.31473740677190065,
      -7.120669571244158,
      0.16826411101195937,
      7.12063533984535
    ],
    [
      2.870395386882393e+34,
      3.9712020291231793e+34
    ]
  ],
  [
    [
      1.6138775557621656,
      -6.731284399923099,
      0.8492340224588482,
      -3.043823854993888,
      2.568718034024954,
      2.079012931841614,
      -6.930649098153944,
      9.002930933126926,
      -7.120669571244158,
      0.16826411101195937,
      0.177908537261386
    ],
    [
      1.7457471374229846e+31,
      2.392573301246526e+31
    ]
  ],
  [
    [
      1.6138775557621656,
      7.40004959419554,
      0.8492340224588482,
      -3.043823854993888,
      2.568718034024954,
      2.079012931841614,
      5.623562218490276,
      9.002930933126926,
      -7.120669571244158,
      0.16826411101195937,
      0.177908537261386
    ],
    [
      1.745800557403874e+31,
      2.3926464998113612e+31
    ]
  ],
  [
    [
      1.6138775557621656,
      -6.731284399923099,
      0.8492340224588482,
      -3.043823854993888,
      2.568718034024954,
      2.079012931841614,
      -6.930649098153944,
      9.002930933126926,
      -9.20161359579473,
      0.16826411101195937,
      0.177908537261386
    ],
    [
      1.7266939444735378e+31,
      2.366432323228991e+31
    ]
  ],
  [
    [
      -9.572808390311234,
      -6.731284399923099,
      0.8492340224588482,
      -3.043823854993888,
      2.568718034024954,
      2.079012931841614,
      -6.930649098153944,
      9.002930933126926,
      -7.120669571244158,
      0.16826411101195937,
      0.177908537261386
    ],
    [
      1.7457471374229796e+31,
      2.3925733012465193e+31
    ]
  ],
  [
    [
      1.6138775557621656,
      -6.731284399923099,
      0.8492340224588482,
      -3.043823854993888,
      2.568718034024954,
      2.079012931841614,
      -6.930649098153944,
      9.002930933126926,
      -7.120669571244158,
      0.16826411101195937,
      0.177908537261386
    ],
    [
      1.7457471374229846e+31,
      2.392573301246526e+31
    ]
  ],
  [
    [
      -3.8059289928481004,
      -6.731284399923099,
      0.8492340224588482,
      -3.043823854993888,
      2.568718034024954,
      2.079012931841614,
      -6.930649098153944,
      9.002930933126926,
      -7.120669571244158,
      0.16826411101195937,
      0.177908537261386
    ],
    [
      1.745747137422982e+31,
      2.3925733012465234e+31
    ]
  ],
  [
    [
      1.6138775557621656,
      -6.731284399923099,
      0.8492340224588482,
      -3.043823854993888,
      2.568718034024954,
      -1.3216069974942464,
      -6.930649098153944,
      9.002930933126926,
      -7.120669571244158,
      0.16826411101195937,
      0.177908537261386
    ],
    [
      1.7457470677424983e+31,
      2.3925732434548053e+31
    ]
  ],
  [
    [
      4.1800990350930345,
      5.1983455730619195,
      0.8492340224588482,
      -3.043823854993888,
      2.568718034024954,
      2.079012931841614,
      -6.930649098153944,
      9.002930933126926,
      -7.120669571244158,
      0.16826411101195937,
      0.177908537261386
    ],
    [
      1.7457471374230267e+31,
      2.3925733012466125e+31
    ]
  ],
  [
    [
      1.6138775557621656,
      -6.731284399923099,
      0.8492340224588482,
      -3.043823854993888,
      -9.492576334732586,
      2.079012931841614,
      -0.030725184712508735,
      9.002930933126926,
      -7.120669571244158,
      0.16826411101195937,
      8.651895264753342
    ],
    [
      4.23819616037102e+34,
      5.863780331404392e+34
    ]
  ],
  [
    [
      1.6138775557621656,
      -6.731284399923099,
      0.8492340224588482,
      -3.043823854993888,
      -9.833603954515208,
      2.079012931841614,
      -6.930649098153944,
      9.002930933126926,
      -7.120669571244158,
      0.16826411101195937,
      0.177908537261386
    ],
    [
      1.7457471128407249e+31,
      2.39257326753338e+31
    ]
  ],
  [
    [
      1.6138775557621656,
      -6.731284399923099,
      0.8492340224588482,
      -3.043823854993888,
      2.568718034024954,
      2.079012931841614,
      -6.930649098153944,
      9.002930933126926,
      -7.120669571244158,
      0.16826411101195937,
      0.177908537261386
    ],
    [
      1.7457471374229846e+31,
      2.392573301246526e+31
    ]
  ],
  [
    [
      1.6138775557621656,
      -6.731284399923099,
      0.8492340224588482,
      8.946024572245388,
      2.568718034024954,
      -4.116624276164078,
      -6.930649098153944,
      9.002930933126926,
      -7.120669571244158,
      0.16826411101195937,
      0.177908537261386
    ],
    [
      1.7457470105739057e+31,
      2.3925731960916802e+31
    ]
  ],
  [
    [
      1.6138775557621656,
      -6.731284399923099,
      0.8492340224588482,
      -3.043823854993888,
      2.568718034024954,
      2.079012931841614,
      -0.5531267994822393,
      9.002930933126926,
      6.711055034118843,
      0.16826411101195937,
      0.177908537261386
    ],
    [
      1.875089684852533e+31,
      2.570033089873541e+31
    ]
  ],
  [
    [
      1.6138775557621656,
      -6.731284399923099,
      0.8492340224588482,
      -3.043823854993888,
      2.568718034024954,
      2.079012931841614,
      -6.930649098153944,
      9.002930933126926,
      -7.120669571244158,
      0.16826411101195937,
      0.177908537261386
    ],
    [
      1.7457471374229846e+31,
      2.392573301246526e+31
    ]
  ],
  [
    [
      1.6138775557621656,
      -6.731284399923099,
      0.8492340224588482,
      -3.043823854993888,
      2.568718034024954,
      2.079012931841614,
      -6.930649098153944,
      9.002930933126926,
      -7.120669571244158,
      0.16826411101195937,
      0.177908537261386
    ],
    [
      1.7457471374229846e+31,
      2.392573301246526e+31
    ]
  ],
  [
    [
      4.032612172747145,
      -6.731284399923099,
      0.8492340224588482,
      -3.043823854993888,
      2.568718034024954,
      2.079012931841614,
      -6.930649098153944,
      9.002930933126926,
      -0.8545767347962396,
      0.16826411101195937,
      0.177908537261386
    ],
    [
      1.8037543388187777e+31,
      2.4721596200683533e+31
    ]
  ],
  [
    [
      1.6138775557621656,
      -6.731284399923099,
      0.8492340224588482,
      7.908713422906452,
      2.568718034024954,
      2.079012931841614,
      -6.930649098153944,
      9.002930933126926,
      -7.120669571244158,
      0.16826411101195937,
      0.177908537261386
    ],
    [
      1.7457471375168515e+31,
      2.392573301371374e+31
    ]
  ],
  [
    [
      1.6138775557621656,
      -6.731284399923099,
      0.8492340224588482,
      -3.043823854993888,
      2.568718034024954,
      2.079012931841614,
      -6.930649098153944,
      9.002930933126926,
      -7.120669571244158,
      0.16826411101195937,
      0.177908537261386
    ],
    [
      1.7457471374229846e+31,
      2.392573301246526e+31
    ]
  ],
  [
    [
      1.6138775557621656,
      -6.731284399923099,
      0.8492340224588482,
      -3.043823854993888,
      2.568718034024954,
      -8.532784305014175,
      -6.930649098153944,
      9.002930933126926,
      -7.120669571244158,
      0.16826411101195937,
      0.177908537261386
    ],
    [
      1.7457469199817877e+31,
      2.392573120904828e+31
    ]
  ],
  [
    [
      1.6138775557621656,
      -6.731284399923099,
      0.8492340224588482,
      -3.043823854993888,
      2.568718034024954,
      2.079012931841614,
      -6.930649098153944,
      -9.7473450189413,
      6.2049965214478355,
      0.16826411101195937,
      0.177908537261386
    ],
    [
      1.8693230143894142e+31,
      2.5629694193636173e+31
    ]
  ]
]