[
  [
    [
      -9.571128736063784,
      6.680650173449878,
      -4.955862930544399,
      0.05928163553794297,
      0.030374250874256527,
      5.591043670293229e-05,
      -4.800625649211208e-05,
      -9.965936901460198e-08,
      2.781288862880898e-08,
      3.310817547859367e-11,
      -5.349865408359655e-12
    ],
    [
      512350.6001759639,
      624929.7520909426
    ]
  ],
  [
    [
      -9.571128736063784,
      6.680650173449878,
      -4.955862930544399,
      0.05928163553794297,
      0.030374250874256527,
      5.591043670293229e-05,
      -4.800625649211208e-05,
      -9.965213397646454e-08,
      2.781288862880898e-08,
      3.310817547859367e-11,
      -5.349865408359655e-12
    ],
    [
      511535.7172991376,
      626568.9611167978
    ]
  ],
  [
    [
      -9.571128736063784,
      6.680650173449878,
      -4.955862930544399,
      0.05928163553794297,
      0.030374250874256527,
      5.591043670293229e-05,
      -4.800625649211208e-05,
      -9.951559187254735e-08,
      2.781288862880898e-08,
      3.308485237812215e-11,
      -5.349865408359655e-12
    ],
    [
      502201.43966491055,
      645708.1634124818
    ]
  ],
  [
    [
      -9.571128736063784,
      6.680650173449878,
      -4.955862930544399,
      0.05928163553794297,
      0.030374250874256527,
      5.586084296908277e-05,
      -4.800625649211208e-05,
      -9.951559187254735e-08,
      2.781288862880898e-08,
      3.310817547859367e-11,
      -5.349865408359655e-12
    ],
    [
      499526.3040647005,
      653913.512319747
    ]
  ],
  [
    [
      -9.571128736063784,
      6.680650173449878,
      -4.955862930544399,
      0.05928163553794297,
      0.030374250874256527,
      5.591043670293229e-05,
      -4.800625649211208e-05,
      -9.951559187254735e-08,
      2.781288862880898e-08,
      3.310382595038441e-11,
      -5.349865408359655e-12
    ],
    [
      498165.8535611245,
      656513.817174162
    ]
  ],
  [
    [
      -9.571128736063784,
      6.680650173449878,
      -4.955862930544399,
      0.05928163553794297,
      0.030374250874256527,
      5.589025433395724e-05,
      -4.800625649211208e-05,
      -9.951559187254735e-08,
      2.781288862880898e-08,
      3.310817547859367e-11,
      -5.349865408359655e-12
    ],
    [
      498179.11504356156,
      656936.0668031694
    ]
  ],
  [
    [
      -9.571128736063784,
      6.680650173449878,
      -4.955862930544399,
      0.059249034750363735,
      0.030374250874256527,
      5.591043670293229e-05,
      -4.800625649211208e-05,
      -9.951559187254735e-08,
      2.781288862880898e-08,
      3.310817547859367e-11,
      -5.349865408359655e-12
    ],
    [
      497928.2143136623,
      657702.5257586131
    ]
  ],
  [
    [
      -9.571128736063784,
      6.680650173449878,
      -4.963101257957652,
      0.05928163553794297,
      0.030374250874256527,
      5.591043670293229e-05,
      -4.800625649211208e-05,
      -9.951559187254735e-08,
      2.781288862880898e-08,
      3.310817547859367e-11,
      -5.349865408359655e-12
    ],
    [
      489122.4293296061,
      660822.5607071257
    ]
  ],
  [
    [
      -9.571128736063784,
      6.680650173449878,
      -4.962238357677258,
      0.05928163553794297,
      0.030374250874256527,
      5.591043670293229e-05,
      -4.800625649211208e-05,
      -9.951559187254735e-08,
      2.781288862880898e-08,
      3.310817547859367e-11,
      -5.349865408359655e-12
    ],
    [
      490084.7775671305,
      660597.1633134881
    ]
  ],
  [
    [
      -9.571128736063784,
      6.680650173449878,
      -4.958927791626698,
      0.05928163553794297,
      0.030374250874256527,
      5.591043670293229e-05,
      -4.800625649211208e-05,
      -9.951559187254735e-08,
      2.781288862880898e-08,
      3.310817547859367e-11,
      -5.349865408359655e-12
    ],
    [
      493798.5318864925,
      659761.0421547708
    ]
  ],
  [
    [
      -9.571128736063784,
      6.680650173449878,
      -4.955862930544399,
      0.05927693548948333,
      0.030374250874256527,
      5.591043670293229e-05,
      -4.800625649211208e-05,
      -9.951559187254735e-08,
      2.781288862880898e-08,
      3.310817547859367e-11,
      -5.349865408359655e-12
    ],
    [
      497362.16800552746,
      658835.9159454416
    ]
  ],
  [
    [
      -9.571128736063784,
      6.680650173449878,
      -4.955862930544399,
      0.05928163553794297,
      0.030374250874256527,
      5.591043670293229e-05,
      -4.800625649211208e-05,
      -9.951559187254735e-08,
      2.781288862880898e-08,
      3.310817547859367e-11,
      -5.349865408359655e-12
    ],
    [
      497267.27611830726,
      659027.4643352495
    ]
  ],
  [
    [
      -9.571128736063784,
      6.680650173449878,
      -4.955862930544399,
      0.05928163553794297,
      0.030374250874256527,
      5.591043670293229e-05,
      -4.800625649211208e-05,
      -9.951559187254735e-08,
      2.781288862880898e-08,
      3.310817547859367e-11,
      -5.349865408359655e-12
    ],
    [
      497267.27611830726,
      659027.4643352495
    ]
  ],
  [
    [
      -9.571128736063784,
      6.680650173449878,
      -4.955862930544399,
      0.05928163553794297,
      0.030374250874256527,
      5.591043670293229e-05,
      -4.800625649211208e-05,
      -9.951559187254735e-08,
      2.781288862880898e-08,
      3.310817547859367e-11,
      -5.349865408359655e-12
    ],
    [
      497267.27611830726,
      659027.4643352495
    ]
  ],
  [
    [
      -9.571128736063784,
      6.680650173449878,
      -4.955862930544399,
      0.05928163553794297,
      0.030374250874256527,
      5.591043670293229e-05,
      -4.800625649211208e-05,
      -9.951559187254735e-08,
      2.781288862880898e-08,
      3.310817547859367e-11,
      -5.349865408359655e-12
    ],
    [
      497267.27611830726,
      659027.4643352495
    ]
  ],
  [
    [
      -9.571128736063784,
      6.680650173449878,
      -4.955862930544399,
      0.05928163553794297,
      0.030374250874256527,
      5.591043670293229e-05,
      -4.800625649211208e-05,
      -9.951559187254735e-08,
      2.781288862880898e-08,
      3.310817547859367e-11,
      -5.349865408359655e-12
    ],
    [
      497267.27611830726,
      659027.4643352495
    ]
  ],
  [
    [
      -9.571128736063784,
      6.680650173449878,
      -4.955862930544399,
      0.05928163553794297,
      0.030374250874256527,
      5.591043670293229e-05,
      -4.800625649211208e-05,
      -9.951559187254735e-08,
      2.781288862880898e-08,
      3.310817547859367e-11,
      -5.349865408359655e-12
    ],
    [
      497267.27611830726,
      659027.4643352495
    ]
  ],
  [
    [
      -9.571128736063784,
      6.680650173449878,
      -4.955862930544399,
      0.05928163553794297,
      0.030374250874256527,
      5.591043670293229e-05,
      -4.800625649211208e-05,
      -9.951559187254735e-08,
      2.781288862880898e-08,
      3.310817547859367e-11,
      -5.349865408359655e-12
    ],
    [
      497267.27611830726,
      659027.4643352495
    ]
  ],
  [
    [
      -9.571128736063784,
      6.680650173449878,
      -4.955862930544399,
      0.05928163553794297,
      0.030374250874256527,
      5.591043670293229e-05,
      -4.800625649211208e-05,
      -9.951559187254735e-08,
      2.781288862880898e-08,
      3.310817547859367e-11,
      -5.349865408359655e-12
    ],
    [
      497267.27611830726,
      659027.4643352495
    ]
  ],
  [
    [
      -9.571128736063784,
      6.680650173449878,
      -4.955862930544399,
      0.05928163553794297,
      0.030374250874256527,
      5.591043670293229e-05,
      -4.800625649211208e-05,
      -9.951559187254735e-08,
      2.781288862880898e-08,
      3.310817547859367e-11,
      -5.349865408359655e-12
    ],
    [
      497267.27611830726,
      659027.4643352495
    ]
  ],
  [
    [
      -9.571128736063784,
      6.680650173449878,
      -4.955862930544399,
      0.05928163553794297,
      0.030374250874256527,
      5.591043670293229e-05,
      -4.800625649211208e-05,
      -9.951559187254735e-08,
      2.781288862880898e-08,
      3.310817547859367e-11,
      -5.349865408359655e-12
    ],
    [
      497267.27611830726,
      659027.4643352495
    ]
  ],
  [
    [
      -9.571128736063784,
      6.680650173449878,
      -4.955862930544399,
      0.05928163553794297,
      0.030374250874256527,
      5.591043670293229e-05,
      -4.800625649211208e-05,
      -9.951559187254735e-08,
      2.781288862880898e-08,
      3.310817547859367e-11,
      -5.349865408359655e-12
    ],
    [
      497267.27611830726,
      659027.4643352495
    ]
  ],
  [
    [
      -9.571128736063784,
      6.680650173449878,
      -4.955862930544399,
      0.05928163553794297,
      0.030374250874256527,
      5.591043670293229e-05,
      -4.800625649211208e-05,
      -9.951559187254735e-08,
      2.781288862880898e-08,
      3.310817547859367e-11,
      -5.349865408359655e-12
    ],
    [
      497267.27611830726,
      659027.4643352495
    ]
  ],
  [
    [
      -9.571128736063784,
      6.680650173449878,
      -4.955862930544399,
      0.05928163553794297,
      0.030374250874256527,
      5.591043670293229e-05,
      -4.800625649211208e-05,
      -9.951559187254735e-08,
      2.781288862880898e-08,
      3.310817547859367e-11,
      -5.349865408359655e-12
    ],
    [
      497267.27611830726,
      659027.4643352495
    ]
  ],
  [
    [
      -9.571128736063784,
      6.680650173449878,
      -4.955862930544399,
      0.05928163553794297,
      0.030374250874256527,
      5.591043670293229e-05,
      -4.800625649211208e-05,
      -9.951559187254735e-08,
      2.781288862880898e-08,
      3.310817547859367e-11,
      -5.349865408359655e-12
    ],
    [
      497267.27611830726,
      659027.4643352495
    ]
  ],
  [
    [
      -9.571128736063784,
      6.680650173449878,
      -4.955862930544399,
      0.05928163553794297,
      0.030374250874256527,
      5.591043670293229e-05,
      -4.800625649211208e-05,
      -9.951559187254735e-08,
      2.781288862880898e-08,
      3.310817547859367e-11,
      -5.349865408359655e-12
    ],
    [
      497267.27611830726,
      659027.4643352495
    ]
  ],
  [
    [
      -9.571128736063784,
      6.680650173449878,
      -4.955862930544399,
      0.05928163553794297,
      0.030374250874256527,
      5.591043670293229e-05,
      -4.800625649211208e-05,
      -9.951559187254735e-08,
      2.781288862880898e-08,
      3.310817547859367e-11,
      -5.349865408359655e-12
    ],
    [
      497267.27611830726,
      659027.4643352495
    ]
  ],
  [
    [
      -9.571128736063784,
      6.680650173449878,
      -4.955862930544399,
      0.05928163553794297,
      0.030374250874256527,
      5.591043670293229e-05,
      -4.800625649211208e-05,
      -9.951559187254735e-08,
      2.781288862880898e-08,
      3.310817547859367e-11,
      -5.349865408359655e-12
    ],
    [
      497267.27611830726,
      659027.4643352495
    ]
  ],
  [
    [
      -9.571128736063784,
      6.680650173449878,
      -4.955862930544399,
      0.05928163553794297,
      0.030374250874256527,
      5.591043670293229e-05,
      -4.800625649211208e-05,
      -9.951559187254735e-08,
      2.781288862880898e-08,
      3.310817547859367e-11,
      -5.349865408359655e-12
    ],
    [
      497267.27611830726,
      659027.4643352495
    ]
  ],
  [
    [
      -9.571128736063784,
      6.680650173449878,
      -4.955862930544399,
      0.05928163553794297,
      0.030374250874256527,
      5.591043670293229e-05,
      -4.800625649211208e-05,
      -9.951559187254735e-08,
      2.781288862880898e-08,
      3.310817547859367e-11,
      -5.349865408359655e-12
    ],
    [
      497267.27611830726,
      659027.4643352495
    ]
  ],
  [
    [
      -9.571128736063784,
      6.680650173449878,
      -4.955862930544399,
      0.05928163553794297,
      0.030374250874256527,
      5.591043670293229e-05,
      -4.800625649211208e-05,
      -9.951559187254735e-08,
      2.781288862880898e-08,
      3.310817547859367e-11,
      -5.349865408359655e-12
    ],
    [
      497267.27611830726,
      659027.4643352495
    ]
  ],
  [
    [
      -9.571128736063784,
      6.684270503811557,
      -4.955862930544399,
      0.05928163553794297,
      0.030374250874256527,
      5.591043670293229e-05,
      -4.800625649211208e-05,
      -9.951559187254735e-08,
      2.781288862880898e-08,
      3.310817547859367e-11,
      -5.349865408359655e-12
    ],
    [
      497236.91266067914,
      659069.5274512662
    ]
  ],
  [
    [
      -9.571128736063784,
      6.680650173449878,
      -4.955862930544399,
      0.05924328829359555,
      0.030374250874256527,
      5.593125966272605e-05,
      -4.800625649211208e-05,
      -9.951559187254735e-08,
      2.781288862880898e-08,
      3.310817547859367e-11,
      -5.349865408359655e-12
    ],
    [
      497105.6479094921,
      659629.1588683276
    ]
  ],
  [
    [
      -9.571128736063784,
      6.680650173449878,
      -4.955862930544399,
      0.05928163553794297,
      0.030374250874256527,
      5.593125966272605e-05,
      -4.800625649211208e-05,
      -9.951559187254735e-08,
      2.781288862880898e-08,
      3.310817547859367e-11,
      -5.349865408359655e-12
    ],
    [
      496337.2571844779,
      661199.9933116834
    ]
  ],
  [
    [
      -9.571128736063784,
      6.680650173449878,
      -4.955862930544399,
      0.05928163553794297,
      0.030374250874256527,
      5.593125966272605e-05,
      -4.800625649211208e-05,
      -9.951559187254735e-08,
      2.781288862880898e-08,
      3.310817547859367e-11,
      -5.349865408359655e-12
    ],
    [
      496337.2571844779,
      661199.9933116834
    ]
  ],
  [
    [
      -9.571128736063784,
      6.680650173449878,
      -4.955862930544399,
      0.05928163553794297,
      0.030374250874256527,
      5.593125966272605e-05,
      -4.800625649211208e-05,
      -9.951559187254735e-08,
      2.781288862880898e-08,
      3.310817547859367e-11,
      -5.349865408359655e-12
    ],
    [
      496337.2571844779,
      661199.9933116834
    ]
  ],
  [
    [
      -9.571128736063784,
      6.680650173449878,
      -4.955862930544399,
      0.05928163553794297,
      0.030374250874256527,
      5.593125966272605e-05,
      -4.800625649211208e-05,
      -9.951559187254735e-08,
      2.781288862880898e-08,
      3.310817547859367e-11,
      -5.349865408359655e-12
    ],
    [
      496337.2571844779,
      661199.9933116834
    ]
  ],
  [
    [
      -9.571128736063784,
      6.680650173449878,
      -4.955862930544399,
      0.05928163553794297,
      0.030374250874256527,
      5.593125966272605e-05,
      -4.800625649211208e-05,
      -9.951559187254735e-08,
      2.781288862880898e-08,
      3.310817547859367e-11,
      -5.349865408359655e-12
    ],
    [
      496337.2571844779,
      661199.9933116834
    ]
  ],
  [
    [
      -9.571128736063784,
      6.680650173449878,
      -4.955862930544399,
      0.05928163553794297,
      0.030374250874256527,
      5.593125966272605e-05,
      -4.800625649211208e-05,
      -9.940176332511661e-08,
      2.781288862880898e-08,
      3.310817547859367e-11,
      -5.345102000890719e-12
    ],
    [
      622012.8075536678,
      663837.8684426699
    ]
  ],
  [
    [
      -9.571128736063784,
      6.680650173449878,
      -4.955862930544399,
      0.05928163553794297,
      0.030374250874256527,
      5.593125966272605e-05,
      -4.800625649211208e-05,
      -9.940176332511661e-08,
      2.781288862880898e-08,
      3.310817547859367e-11,
      -5.349865408359655e-12
    ],
    [
      486180.0690601527,
      690642.3983102596
    ]
  ],
  [
    [
      -9.571128736063784,
      6.680650173449878,
      -4.955862930544399,
      0.05928163553794297,
      0.030374250874256527,
      5.591043670293229e-05,
      -4.800625649211208e-05,
      -9.965213397646454e-08,
      2.781288862880898e-08,
      3.310817547859367e-11,
      -5.349865408359655e-12
    ],
    [
      511535.7172991376,
      626568.9611167978
    ]
  ],
  [
    [
      -9.571128736063784,
      6.680650173449878,
      -4.955862930544399,
      0.05928163553794297,
      0.030374250874256527,
      5.5941791793931214e-05,
      -4.800625649211208e-05,
      -9.965936901460198e-08,
      2.781288862880898e-08,
      3.310817547859367e-11,
      -5.349865408359655e-12
    ],
    [
      510714.9154374272,
      627878.4116281422
    ]
  ],
  [
    [
      -9.571128736063784,
      6.680650173449878,
      -4.955862930544399,
      0.05928163553794297,
      0.030374250874256527,
      5.591043670293229e-05,
      -4.800625649211208e-05,
      -9.965213397646454e-08,
      2.781288862880898e-08,
      3.310817547859367e-11,
      -5.349865408359655e-12
    ],
    [
      511535.7172991376,
      626568.9611167978
    ]
  ],
  [
    [
      -9.571128736063784,
      6.680650173449878,
      -4.955862930544399,
      0.05928163553794297,
      0.030374250874256527,
      5.591043670293229e-05,
      -4.800625649211208e-05,
      -9.951559187254735e-08,
      2.781288862880898e-08,
      3.308485237812215e-11,
      -5.349865408359655e-12
    ],
    [
      502201.43966491055,
      645708.1634124818
    ]
  ],
  [
    [
      -9.571128736063784,
      6.680650173449878,
      -4.955862930544399,
      0.05928163553794297,
      0.030374250874256527,
      5.591043670293229e-05,
      -4.800625649211208e-05,
      -9.951559187254735e-08,
      2.781288862880898e-08,
      3.310817547859367e-11,
      -5.349865408359655e-12
    ],
    [
      497267.27611830726,
      659027.4643352495
    ]
  ],
  [
    [
      -9.571128736063784,
      6.680650173449878,
      -4.963101257957652,
      0.05928163553794297,
      0.030374250874256527,
      5.591043670293229e-05,
      -4.800625649211208e-05,
      -9.951559187254735e-08,
      2.781288862880898e-08,
      3.308485237812215e-11,
      -5.347924385814045e-12
    ],
    [
      544723.829489223,
      631078.8363947019
    ]
  ],
  [
    [
      -9.571128736063784,
      6.680650173449878,
      -4.963101257957652,
      0.05928163553794297,
      0.030374250874256527,
      5.591043670293229e-05,
      -4.800625649211208e-05,
      -9.951559187254735e-08,
      2.781288862880898e-08,
      3.310817547859367e-11,
      -5.352600858554306e-12
    ],
    [
      424632.065664154,
      694072.221523259
    ]
  ],
  [
    [
      -9.571128736063784,
      6.680650173449878,
      -4.962238357677258,
      0.05928163553794297,
      0.03036784765699366,
      5.591043670293229e-05,
      -4.800625649211208e-05,
      -9.951559187254735e-08,
      2.781288862880898e-08,
      3.310817547859367e-11,
      -5.349865408359655e-12
    ],
    [
      474463.75833208486,
      666631.3685438379
    ]
  ],
  [
    [
      -9.571128736063784,
      6.680650173449878,
      -4.962238357677258,
      0.05928163553794297,
      0.030374250874256527,
      5.591043670293229e-05,
      -4.800625649211208e-05,
      -9.951559187254735e-08,
      2.781288862880898e-08,
      3.310817547859367e-11,
      -5.349865408359655e-12
    ],
    [
      490084.7775671305,
      660597.1633134881
    ]
  ],
  [
    [
      -9.571128736063784,
      6.680650173449878,
      -4.954112682628071,
      0.05928163553794297,
      0.030374250874256527,
      5.586084296908277e-05,
      -4.800625649211208e-05,
      -9.951559187254735e-08,
      2.781288862880898e-08,
      3.310817547859367e-11,
      -5.349865408359655e-12
    ],
    [
      501518.84603461326,
      653500.593664327
    ]
  ],
  [
    [
      -9.571128736063784,
      6.680650173449878,
      -4.955862930544399,
      0.05928163553794297,
      0.030374250874256527,
      5.591043670293229e-05,
      -4.800625649211208e-05,
      -9.965936901460198e-08,
      2.781288862880898e-08,
      3.310817547859367e-11,
      -5.349865408359655e-12
    ],
    [
      512350.6001759639,
      624929.7520909426
    ]
  ],
  [
    [
      -9.571128736063784,
      6.680650173449878,
      -4.955862930544399,
      0.05928163553794297,
      0.030374250874256527,
      5.591043670293229e-05,
      -4.800625649211208e-05,
      -9.965213397646454e-08,
      2.781288862880898e-08,
      3.310817547859367e-11,
      -5.349865408359655e-12
    ],
    [
      511535.7172991376,
      626568.9611167978
    ]
  ],
  [
    [
      -9.571128736063784,
      6.680650173449878,
      -4.955862930544399,
      0.05928163553794297,
      0.030374250874256527,
      5.591043670293229e-05,
      -4.800625649211208e-05,
      -9.951559187254735e-08,
      2.781288862880898e-08,
      3.308485237812215e-11,
      -5.349865408359655e-12
    ],
    [
      502201.43966491055,
      645708.1634124818
    ]
  ],
  [
    [
      -9.571128736063784,
      6.680650173449878,
      -4.963101257957652,
      0.05928163553794297,
      0.030374250874256527,
      5.591043670293229e-05,
      -4.799785447029035e-05,
      -9.951559187254735e-08,
      2.781288862880898e-08,
      3.310817547859367e-11,
      -5.349865408359655e-12
    ],
    [
      536164.8204053869,
      646212.8680266235
    ]
  ],
  [
    [
      -9.571128736063784,
      6.680650173449878,
      -4.962238357677258,
      0.05928163553794297,
      0.030374250874256527,
      5.591043670293229e-05,
      -4.800625649211208e-05,
      -9.951559187254735e-08,
      2.781288862880898e-08,
      3.310817547859367e-11,
      -5.349865408359655e-12
    ],
    [
      490084.7775671305,
      660597.1633134881
    ]
  ],
  [
    [
      -9.571128736063784,
      6.680650173449878,
      -4.955862930544399,
      0.05928163553794297,
      0.030374250874256527,
      5.586084296908277e-05,
      -4.800625649211208e-05,
      -9.951559187254735e-08,
      2.781288862880898e-08,
      3.310817547859367e-11,
      -5.3469265454845e-12
    ],
    [
      579234.5960777423,
      632693.3135975099
    ]
  ],
  [
    [
      -9.571128736063784,
      6.680650173449878,
      -4.958927791626698,
      0.05928163553794297,
      0.030374250874256527,
      5.591043670293229e-05,
      -4.800625649211208e-05,
      -9.951559187254735e-08,
      2.781288862880898e-08,
      3.310817547859367e-11,
      -5.349865408359655e-12
    ],
    [
      493798.5318864925,
      659761.0421547708
    ]
  ],
  [
    [
      -9.571128736063784,
      6.680650173449878,
      -4.955862930544399,
      0.05928163553794297,
      0.030374250874256527,
      5.591043670293229e-05,
      -4.800625649211208e-05,
      -9.951559187254735e-08,
      2.781288862880898e-08,
      3.310382595038441e-11,
      -5.349865408359655e-12
    ],
    [
      498165.8535611245,
      656513.817174162
    ]
  ],
  [
    [
      -9.571128736063784,
      6.680650173449878,
      -4.955862930544399,
      0.05928163553794297,
      0.030374250874256527,
      5.589025433395724e-05,
      -4.800625649211208e-05,
      -9.951559187254735e-08,
      2.781288862880898e-08,
      3.310817547859367e-11,
      -5.349865408359655e-12
    ],
    [
      498179.11504356156,
      656936.0668031694
    ]
  ],
  [
    [
      -9.571128736063784,
      6.680650173449878,
      -4.955862930544399,
      0.059249034750363735,
      0.030374250874256527,
      5.591043670293229e-05,
      -4.800625649211208e-05,
      -9.951559187254735e-08,
      2.781288862880898e-08,
      3.310817547859367e-11,
      -5.349865408359655e-12
    ],
    [
      497928.2143136623,
      657702.5257586131
    ]
  ],
  [
    [
      -9.571128736063784,
      6.680650173449878,
      -4.955862930544399,
      0.05927693548948333,
      0.030374250874256527,
      5.591043670293229e-05,
      -4.800625649211208e-05,
      -9.951559187254735e-08,
      2.781288862880898e-08,
      3.310817547859367e-11,
      -5.349865408359655e-12
    ],
    [
      497362.16800552746,
      658835.9159454416
    ]
  ],
  [
    [
      -9.571128736063784,
      6.680650173449878,
      -4.955862930544399,
      0.05928163553794297,
      0.030374250874256527,
      5.591043670293229e-05,
      -4.800625649211208e-05,
      -9.94664257754067e-08,
      2.781288862880898e-08,
      3.310817547859367e-11,
      -5.349865408359655e-12
    ],
    [
      492645.8903492185,
      671423.3669907434
    ]
  ],
  [
    [
      -9.571128736063784,
      6.680650173449878,
      -4.955862930544399,
      0.05928163553794297,
      0.030374250874256527,
      5.591043670293229e-05,
      -4.800625649211208e-05,
      -9.951559187254735e-08,
      2.781288862880898e-08,
      3.310817547859367e-11,
      -5.349865408359655e-12
    ],
    [
      497267.27611830726,
      659027.4643352495
    ]
  ],
  [
    [
      -9.571128736063784,
      6.680650173449878,
      -4.955862930544399,
      0.05928163553794297,
      0.030374250874256527,
      5.589568653860041e-05,
      -4.800625649211208e-05,
      -9.951559187254735e-08,
      2.781288862880898e-08,
      3.310817547859367e-11,
      -5.349865408359655e-12
    ],
    [
      497932.67827479943,
      657497.5947182509
    ]
  ],
  [
    [
      -9.571128736063784,
      6.680650173449878,
      -4.955862930544399,
      0.05928163553794297,
      0.030374250874256527,
      5.591043670293229e-05,
      -4.8069557762742016e-05,
      -9.951559187254735e-08,
      2.781288862880898e-08,
      3.310817547859367e-11,
      -5.349865408359655e-12
    ],
    [
      257805.39721550266,
      926830.3456256943
    ]
  ],
  [
    [
      -9.571128736063784,
      6.68297222492264,
      -4.955862930544399,
      0.05928163553794297,
      0.030374250874256527,
      5.591043670293229e-05,
      -4.800625649211208e-05,
      -9.951559187254735e-08,
      2.781288862880898e-08,
      3.310817547859367e-11,
      -5.349865408359655e-12
    ],
    [
      497247.7985044541,
      659054.4396603334
    ]
  ],
  [
    [
      -9.574571828867091,
      6.680650173449878,
      -4.955862930544399,
      0.05928163553794297,
      0.030374250874256527,
      5.591043670293229e-05,
      -4.800625649211208e-05,
      -9.951559187254735e-08,
      2.781288862880898e-08,
      3.310817547859367e-11,
      -5.349865408359655e-12
    ],
    [
      497265.9227471105,
      659026.482976853
    ]
  ],
  [
    [
      -9.571128736063784,
      6.680650173449878,
      -4.955862930544399,
      0.05928163553794297,
      0.030374250874256527,
      5.591043670293229e-05,
      -4.800625649211208e-05,
      -9.951559187254735e-08,
      2.781288862880898e-08,
      3.310817547859367e-11,
      -5.349865408359655e-12
    ],
    [
      497267.27611830726,
      659027.4643352495
    ]
  ],
  [
    [
      -9.571128736063784,
      6.680650173449878,
      -4.955862930544399,
      0.05928163553794297,
      0.030374250874256527,
      5.591043670293229e-05,
      -4.800625649211208e-05,
      -9.951559187254735e-08,
      2.781288862880898e-08,
      3.310817547859367e-11,
      -5.349865408359655e-12
    ],
    [
      497267.27611830726,
      659027.4643352495
    ]
  ],
  [
    [
      -9.571128736063784,
      6.680650173449878,
      -4.955862930544399,
      0.05928163553794297,
      0.030374250874256527,
      5.591043670293229e-05,
      -4.800625649211208e-05,
      -9.951559187254735e-08,
      2.781288862880898e-08,
      3.307393455726088e-11,
      -5.349865408359655e-12
    ],
    [
      504609.005657434,
      639607.9095933267
    ]
  ],
  [
    [
      -9.580686007832599,
      6.680650173449878,
      -4.955862930544399,
      0.05928163553794297,
      0.030374250874256527,
      5.591043670293229e-05,
      -4.800625649211208e-05,
      -9.951559187254735e-08,
      2.781288862880898e-08,
      3.310817547859367e-11,
      -5.349865408359655e-12
    ],
    [
      497263.5195146181,
      659024.7403576372
    ]
  ],
  [
    [
      -9.571128736063784,
      6.680650173449878,
      -4.955862930544399,
      0.05928163553794297,
      0.030374250874256527,
      5.591043670293229e-05,
      -4.800625649211208e-05,
      -9.951559187254735e-08,
      2.781288862880898e-08,
      3.310817547859367e-11,
      -5.349865408359655e-12
    ],
    [
      497267.27611830726,
      659027.4643352495
    ]
  ],
  [
    [
      -9.571128736063784,
      6.680650173449878,
      -4.955862930544399,
      0.05928163553794297,
      0.030374250874256527,
      5.591043670293229e-05,
      -4.800625649211208e-05,
      -9.951559187254735e-08,
      2.781288862880898e-08,
      3.310817547859367e-11,
      -5.349865408359655e-12
    ],
    [
      497267.27611830726,
      659027.4643352495
    ]
  ],
  [
    [
      -9.571128736063784,
      6.680650173449878,
      -4.955862930544399,
      0.05928163553794297,
      0.030374250874256527,
      5.591043670293229e-05,
      -4.800625649211208e-05,
      -9.951559187254735e-08,
      2.781288862880898e-08,
      3.310817547859367e-11,
      -5.349865408359655e-12
    ],
    [
      497267.27611830726,
      659027.4643352495
    ]
  ],
  [
    [
      -9.571128736063784,
      6.680650173449878,
      -4.955862930544399,
      0.05928163553794297,
      0.030374250874256527,
      5.591043670293229e-05,
      -4.800625649211208e-05,
      -9.951559187254735e-08,
      2.781288862880898e-08,
      3.310817547859367e-11,
      -5.349865408359655e-12
    ],
    [
      497267.27611830726,
      659027.4643352495
    ]
  ],
  [
    [
      -9.571128736063784,
      6.680650173449878,
      -4.955862930544399,
      0.05928163553794297,
      0.030374250874256527,
      5.591043670293229e-05,
      -4.800625649211208e-05,
      -9.951559187254735e-08,
      2.781288862880898e-08,
      3.310817547859367e-11,
      -5.349865408359655e-12
    ],
    [
      497267.27611830726,
      659027.4643352495
    ]
  ],
  [
    [
      -9.571128736063784,
      6.680650173449878,
      -4.953310656556899,
      0.05928163553794297,
      0.030374250874256527,
      5.591043670293229e-05,
      -4.800625649211208e-05,
      -9.951559187254735e-08,
      2.781288862880898e-08,
      3.310817547859367e-11,
      -5.349865408359655e-12
    ],
    [
      500178.3504908231,
      658446.2808987389
    ]
  ],
  [
    [
      -9.571128736063784,
      6.691551495061698,
      -4.955862930544399,
      0.05928163553794297,
      0.030374250874256527,
      5.591043670293229e-05,
      -4.800625649211208e-05,
      -9.951559187254735e-08,
      2.781288862880898e-08,
      3.310817547859367e-11,
      -5.349865408359655e-12
    ],
    [
      497175.91938663635,
      659154.217769567
    ]
  ],
  [
    [
      -9.571128736063784,
      6.680650173449878,
      -4.955862930544399,
      0.05928163553794297,
      0.030374250874256527,
      5.591043670293229e-05,
      -4.800625649211208e-05,
      -9.951559187254735e-08,
      2.781288862880898e-08,
      3.310817547859367e-11,
      -5.349865408359655e-12
    ],
    [
      497267.27611830726,
      659027.4643352495
    ]
  ],
  [
    [
      -9.571128736063784,
      6.680650173449878,
      -4.955862930544399,
      0.05928163553794297,
      0.030374250874256527,
      5.591043670293229e-05,
      -4.800625649211208e-05,
      -9.951559187254735e-08,
      2.781288862880898e-08,
      3.310817547859367e-11,
      -5.349865408359655e-12
    ],
    [
      497267.27611830726,
      659027.4643352495
    ]
  ],
  [
    [
      -9.571128736063784,
      6.680650173449878,
      -4.955862930544399,
      0.05928163553794297,
      0.030374250874256527,
      5.591043670293229e-05,
      -4.800625649211208e-05,
      -9.965936901460198e-08,
      2.781288862880898e-08,
      3.310817547859367e-11,
      -5.349865408359655e-12
    ],
    [
      512350.6001759639,
      624929.7520909426
    ]
  ],
  [
    [
      -9.571128736063784,
      6.680650173449878,
      -4.963101257957652,
      0.05928163553794297,
      0.030374250874256527,
      5.591043670293229e-05,
      -4.800625649211208e-05,
      -9.937081601932431e-08,
      2.781288862880898e-08,
      3.310817547859367e-11,
      -5.352600858554306e-12
    ],
    [
      410748.04208741244,
      731046.0430312541
    ]
  ],
  [
    [
      -9.571128736063784,
      6.676643365567533,
      -4.955862930544399,
      0.05928163553794297,
      0.030374250874256527,
      5.591043670293229e-05,
      -4.800625649211208e-05,
      -9.965213397646454e-08,
      2.781288862880898e-08,
      3.310817547859367e-11,
      -5.349865408359655e-12
    ],
    [
      511576.0052675366,
      626531.5205650108
    ]
  ],
  [
    [
      -9.571128736063784,
      6.680650173449878,
      -4.955862930544399,
      0.05928163553794297,
      0.030374250874256527,
      5.591043670293229e-05,
      -4.800625649211208e-05,
      -9.965936901460198e-08,
      2.781288862880898e-08,
      3.310817547859367e-11,
      -5.349865408359655e-12
    ],
    [
      512350.6001759639,
      624929.7520909426
    ]
  ],
  [
    [
      -9.571128736063784,
      6.680650173449878,
      -4.955862930544399,
      0.05928163553794297,
      0.030374250874256527,
      5.591043670293229e-05,
      -4.800625649211208e-05,
      -9.965213397646454e-08,
      2.781288862880898e-08,
      3.310817547859367e-11,
      -5.349865408359655e-12
    ],
    [
      511535.7172991376,
      626568.9611167978
    ]
  ],
  [
    [
      -9.571128736063784,
      6.680650173449878,
      -4.955862930544399,
      0.059192015651292285,
      0.030374250874256527,
      5.591043670293229e-05,
      -4.800625649211208e-05,
      -9.965213397646454e-08,
      2.781288862880898e-08,
      3.310817547859367e-11,
      -5.349865408359655e-12
    ],
    [
      513676.51694104343,
      623370.2164975309
    ]
  ],
  [
    [
      -9.571128736063784,
      6.680650173449878,
      -4.955862930544399,
      0.05928163553794297,
      0.030374250874256527,
      5.591043670293229e-05,
      -4.800625649211208e-05,
      -9.965213397646454e-08,
      2.781288862880898e-08,
      3.310817547859367e-11,
      -5.349865408359655e-12
    ],
    [
      511535.7172991376,
      626568.9611167978
    ]
  ],
  [
    [
      -9.571128736063784,
      6.680650173449878,
      -4.955862930544399,
      0.05928163553794297,
      0.030374250874256527,
      5.591043670293229e-05,
      -4.800625649211208e-05,
      -9.965213397646454e-08,
      2.781288862880898e-08,
      3.310817547859367e-11,
      -5.349865408359655e-12
    ],
    [
      511535.7172991376,
      626568.9611167978
    ]
  ],
  [
    [
      -9.571128736063784,
      6.680650173449878,
      -4.955862930544399,
      0.05928163553794297,
      0.030374250874256527,
      5.5941791793931214e-05,
      -4.805818468606626e-05,
      -9.965936901460198e-08,
      2.781288862880898e-08,
      3.310817547859367e-11,
      -5.349865408359655e-12
    ],
    [
      301575.70452670066,
      829813.3390872155
    ]
  ],
  [
    [
      -9.571128736063784,
      6.680650173449878,
      -4.955862930544399,
      0.05928163553794297,
      0.030374250874256527,
      5.591043670293229e-05,
      -4.800625649211208e-05,
      -9.965213397646454e-08,
      2.781288862880898e-08,
      3.310817547859367e-11,
      -5.349865408359655e-12
    ],
    [
      511535.7172991376,
      626568.9611167978
    ]
  ],
  [
    [
      -9.571128736063784,
      6.680650173449878,
      -4.963101257957652,
      0.05932861446620436,
      0.030374250874256527,
      5.591043670293229e-05,
      -4.800625649211208e-05,
      -9.951559187254735e-08,
      2.781288862880898e-08,
      3.310817547859367e-11,
      -5.352600858554306e-12
    ],
    [
      423634.2711473955,
      695896.2287143287
    ]
  ],
  [
    [
      -9.571128736063784,
      6.680650173449878,
      -4.955862930544399,
      0.05928163553794297,
      0.030374250874256527,
      5.591043670293229e-05,
      -4.800625649211208e-05,
      -9.965936901460198e-08,
      2.781288862880898e-08,
      3.310817547859367e-11,
      -5.349865408359655e-12
    ],
    [
      512350.6001759639,
      624929.7520909426
    ]
  ],
  [
    [
      -9.571128736063784,
      6.680650173449878,
      -4.955862930544399,
      0.05928163553794297,
      0.030374250874256527,
      5.591043670293229e-05,
      -4.800625649211208e-05,
      -9.965213397646454e-08,
      2.781288862880898e-08,
      3.310817547859367e-11,
      -5.349865408359655e-12
    ],
    [
      511535.7172991376,
      626568.9611167978
    ]
  ],
  [
    [
      -9.571128736063784,
      6.680650173449878,
      -4.955862930544399,
      0.05928163553794297,
      0.030374250874256527,
      5.591043670293229e-05,
      -4.800625649211208e-05,
      -9.965213397646454e-08,
      2.781288862880898e-08,
      3.3083449984564395e-11,
      -5.349865408359655e-12
    ],
    [
      517594.9428087092,
      613585.934973585
    ]
  ],
  [
    [
      -9.571128736063784,
      6.680650173449878,
      -4.955862930544399,
      0.05928163553794297,
      0.030374250874256527,
      5.591043670293229e-05,
      -4.800625649211208e-05,
      -9.965213397646454e-08,
      2.781288862880898e-08,
      3.310817547859367e-11,
      -5.349865408359655e-12
    ],
    [
      511535.7172991376,
      626568.9611167978
    ]
  ],
  [
    [
      -9.571128736063784,
      6.680650173449878,
      -4.955862930544399,
      0.05928163553794297,
      0.030374250874256527,
      5.5941791793931214e-05,
      -4.800625649211208e-05,
      -9.965936901460198e-08,
      2.7789283499023924e-08,
      3.310817547859367e-11,
      -5.349865408359655e-12
    ],
    [
      302812.31928575103,
      823250.2525273205
    ]
  ],
  [
    [
      -9.571128736063784,
      6.680650173449878,
      -4.962238357677258,
      0.05920779924661522,
      0.03036784765699366,
      5.591043670293229e-05,
      -4.800625649211208e-05,
      -9.951559187254735e-08,
      2.781288862880898e-08,
      3.310817547859367e-11,
      -5.349865408359655e-12
    ],
    [
      475978.9877933368,
      663740.3146310633
    ]
  ],
  [
    [
      -9.571128736063784,
      6.680650173449878,
      -4.955862930544399,
      0.05928163553794297,
      0.030374250874256527,
      5.591043670293229e-05,
      -4.800625649211208e-05,
      -9.951559187254735e-08,
      2.7838813049718397e-08,
      3.307393455726088e-11,
      -5.349865408359655e-12
    ],
    [
      890109.455933361,
      640706.4910890579
    ]
  ],
  [
    [
      -9.571128736063784,
      6.680650173449878,
      -4.955862930544399,
      0.059370478847563024,
      0.030374250874256527,
      5.591043670293229e-05,
      -4.800625649211208e-05,
      -9.951559187254735e-08,
      2.781288862880898e-08,
      3.308485237812215e-11,
      -5.349865408359655e-12
    ],
    [
      500322.74278758356,
      649211.7102563598
    ]
  ],
  [
    [
      -9.571128736063784,
      6.680650173449878,
      -4.955862930544399,
      0.05928163553794297,
      0.030374250874256527,
      5.591043670293229e-05,
      -4.800625649211208e-05,
      -9.951559187254735e-08,
      2.785384027020383e-08,
      3.308485237812215e-11,
      -5.349865408359655e-12
    ],
    [
      1186951.6841276726,
      750356.1738008521
    ]
  ],
  [
    [
      -9.571128736063784,
      6.680650173449878,
      -4.962238357677258,
      0.05928163553794297,
      0.030374250874256527,
      5.591043670293229e-05,
      -4.800625649211208e-05,
      -9.935460841060143e-08,
      2.781288862880898e-08,
      3.310817547859367e-11,
      -5.349865408359655e-12
    ],
    [
      475907.18964221684,
      702349.1102025055
    ]
  ],
  [
    [
      -9.571128736063784,
      6.680650173449878,
      -4.962238357677258,
      0.05928163553794297,
      0.030374250874256527,
      5.591043670293229e-05,
      -4.800625649211208e-05,
      -9.951559187254735e-08,
      2.781288862880898e-08,
      3.310817547859367e-11,
      -5.349865408359655e-12
    ],
    [
      490084.7775671305,
      660597.1633134881
    ]
  ],
  [
    [
      -9.571128736063784,
      6.680650173449878,
      -4.958927791626698,
      0.05928163553794297,
      0.030374250874256527,
      5.591043670293229e-05,
      -4.800625649211208e-05,
      -9.951559187254735e-08,
      2.7815829981442422e-08,
      3.310817547859367e-11,
      -5.349865408359655e-12
    ],
    [
      529359.589437057,
      648406.9834610472
    ]
  ],
  [
    [
      -9.571128736063784,
      6.680650173449878,
      -4.955862930544399,
      0.05928163553794297,
      0.030374250874256527,
      5.591043670293229e-05,
      -4.800625649211208e-05,
      -9.951559187254735e-08,
      2.781288862880898e-08,
      3.310382595038441e-11,
      -5.349865408359655e-12
    ],
    [
      498165.8535611245,
      656513.817174162
    ]
  ],
  [
    [
      -9.571128736063784,
      6.680650173449878,
      -4.954112682628071,
      0.05928163553794297,
      0.030374250874256527,
      5.586084296908277e-05,
      -4.800625649211208e-05,
      -9.951559187254735e-08,
      2.781288862880898e-08,
      3.310817547859367e-11,
      -5.349865408359655e-12
    ],
    [
      501518.84603461326,
      653500.593664327
    ]
  ],
  [
    [
      -9.571128736063784,
      6.680650173449878,
      -4.955862930544399,
      0.05928163553794297,
      0.030374250874256527,
      5.589025433395724e-05,
      -4.800625649211208e-05,
      -9.956626756656571e-08,
      2.781288862880898e-08,
      3.310817547859367e-11,
      -5.349865408359655e-12
    ],
    [
      503282.86802751134,
      644626.5305031739
    ]
  ],
  [
    [
      -9.571128736063784,
      6.680650173449878,
      -4.955862930544399,
      0.05928163553794297,
      0.030374250874256527,
      5.589568653860041e-05,
      -4.800625649211208e-05,
      -9.951559187254735e-08,
      2.781288862880898e-08,
      3.310817547859367e-11,
      -5.349865408359655e-12
    ],
    [
      497932.67827479943,
      657497.5947182509
    ]
  ],
  [
    [
      -9.571128736063784,
      6.680650173449878,
      -4.955862930544399,
      0.059249034750363735,
      0.030374250874256527,
      5.591043670293229e-05,
      -4.800625649211208e-05,
      -9.951559187254735e-08,
      2.781288862880898e-08,
      3.310817547859367e-11,
      -5.349865408359655e-12
    ],
    [
      497928.2143136623,
      657702.5257586131
    ]
  ],
  [
    [
      -9.571128736063784,
      6.680650173449878,
      -4.955862930544399,
      0.05927693548948333,
      0.030374250874256527,
      5.591043670293229e-05,
      -4.800625649211208e-05,
      -9.951559187254735e-08,
      2.781288862880898e-08,
      3.310817547859367e-11,
      -5.349865408359655e-12
    ],
    [
      497362.16800552746,
      658835.9159454416
    ]
  ],
  [
    [
      -9.580686007832599,
      6.680650173449878,
      -4.955862930544399,
      0.05928163553794297,
      0.030374250874256527,
      5.591043670293229e-05,
      -4.800625649211208e-05,
      -9.951559187254735e-08,
      2.781288862880898e-08,
      3.310817547859367e-11,
      -5.3504313784982735e-12
    ],
    [
      483007.31112751167,
      664643.3336861228
    ]
  ],
  [
    [
      -9.574571828867091,
      6.680650173449878,
      -4.955862930544399,
      0.05928163553794297,
      0.030374250874256527,
      5.591043670293229e-05,
      -4.800625649211208e-05,
      -9.951559187254735e-08,
      2.781288862880898e-08,
      3.310817547859367e-11,
      -5.349865408359655e-12
    ],
    [
      497265.9227471105,
      659026.482976853
    ]
  ],
  [
    [
      -9.571128736063784,
      6.680650173449878,
      -4.955862930544399,
      0.05928163553794297,
      0.030374250874256527,
      5.591043670293229e-05,
      -4.800625649211208e-05,
      -9.951559187254735e-08,
      2.781288862880898e-08,
      3.310817547859367e-11,
      -5.349865408359655e-12
    ],
    [
      497267.27611830726,
      659027.4643352495
    ]
  ],
  [
    [
      -9.571128736063784,
      6.680650173449878,
      -4.955862930544399,
      0.05928163553794297,
      0.030374250874256527,
      5.591043670293229e-05,
      -4.800625649211208e-05,
      -9.951559187254735e-08,
      2.781288862880898e-08,
      3.310817547859367e-11,
      -5.349865408359655e-12
    ],
    [
      497267.27611830726,
      659027.4643352495
    ]
  ],
  [
    [
      -9.571128736063784,
      6.680650173449878,
      -4.955862930544399,
      0.05928163553794297,
      0.030374250874256527,
      5.591043670293229e-05,
      -4.800625649211208e-05,
      -9.951559187254735e-08,
      2.781288862880898e-08,
      3.310817547859367e-11,
      -5.349865408359655e-12
    ],
    [
      497267.27611830726,
      659027.4643352495
    ]
  ],
  [
    [
      -9.571128736063784,
      6.680650173449878,
      -4.955862930544399,
      0.059336332645571345,
      0.030374250874256527,
      5.591043670293229e-05,
      -4.800625649211208e-05,
      -9.951559187254735e-08,
      2.781288862880898e-08,
      3.310817547859367e-11,
      -5.349865408359655e-12
    ],
    [
      496172.7625606467,
      661269.8079549097
    ]
  ],
  [
    [
      -9.571128736063784,
      6.680650173449878,
      -4.955862930544399,
      0.05928163553794297,
      0.030374250874256527,
      5.591043670293229e-05,
      -4.800625649211208e-05,
      -9.951559187254735e-08,
      2.781288862880898e-08,
      3.310817547859367e-11,
      -5.349865408359655e-12
    ],
    [
      497267.27611830726,
      659027.4643352495
    ]
  ],
  [
    [
      -9.571128736063784,
      6.680650173449878,
      -4.955862930544399,
      0.05928163553794297,
      0.030374250874256527,
      5.591203529290879e-05,
      -4.800625649211208e-05,
      -9.951559187254735e-08,
      2.781288862880898e-08,
      3.310817547859367e-11,
      -5.349865408359655e-12
    ],
    [
      497195.490716108,
      659193.7196782576
    ]
  ],
  [
    [
      -9.571128736063784,
      6.680650173449878,
      -4.955862930544399,
      0.05928163553794297,
      0.030374250874256527,
      5.591043670293229e-05,
      -4.800625649211208e-05,
      -9.951559187254735e-08,
      2.781288862880898e-08,
      3.310817547859367e-11,
      -5.349865408359655e-12
    ],
    [
      497267.27611830726,
      659027.4643352495
    ]
  ],
  [
    [
      -9.571128736063784,
      6.680650173449878,
      -4.955862930544399,
      0.05928163553794297,
      0.030374250874256527,
      5.591043670293229e-05,
      -4.800625649211208e-05,
      -9.951559187254735e-08,
      2.781288862880898e-08,
      3.310817547859367e-11,
      -5.349865408359655e-12
    ],
    [
      497267.27611830726,
      659027.4643352495
    ]
  ],
  [
    [
      -9.571128736063784,
      6.680650173449878,
      -4.955862930544399,
      0.05928163553794297,
      0.030374250874256527,
      5.591043670293229e-05,
      -4.800625649211208e-05,
      -9.951559187254735e-08,
      2.781288862880898e-08,
      3.310817547859367e-11,
      -5.349865408359655e-12
    ],
    [
      497267.27611830726,
      659027.4643352495
    ]
  ],
  [
    [
      -9.571128736063784,
      6.680650173449878,
      -4.963101257957652,
      0.05928163553794297,
      0.030374250874256527,
      5.5941791793931214e-05,
      -4.800625649211208e-05,
      -9.965936901460198e-08,
      2.7789283499023924e-08,
      3.310817547859367e-11,
      -5.349865408359655e-12
    ],
    [
      299035.29712575686,
      831153.8526588876
    ]
  ],
  [
    [
      -9.571128736063784,
      6.680650173449878,
      -4.955862930544399,
      0.05932861446620436,
      0.030374250874256527,
      5.591043670293229e-05,
      -4.800625649211208e-05,
      -9.951559187254735e-08,
      2.7848501063212123e-08,
      3.310817547859367e-11,
      -5.352600858554306e-12
    ],
    [
      954518.3387816338,
      683220.9414988833
    ]
  ],
  [
    [
      -9.571128736063784,
      6.676102204601635,
      -4.955862930544399,
      0.05928163553794297,
      0.030374250874256527,
      5.5941791793931214e-05,
      -4.800625649211208e-05,
      -9.965936901460198e-08,
      2.7789283499023924e-08,
      3.310817547859367e-11,
      -5.349865408359655e-12
    ],
    [
      302864.2807731963,
      823231.4105157101
    ]
  ],
  [
    [
      -9.571128736063784,
      6.680650173449878,
      -4.955862930544399,
      0.05928163553794297,
      0.030374250874256527,
      5.591043670293229e-05,
      -4.800625649211208e-05,
      -9.965213397646454e-08,
      2.781288862880898e-08,
      3.3083449984564395e-11,
      -5.349865408359655e-12
    ],
    [
      517594.9428087092,
      613585.934973585
    ]
  ],
  [
    [
      -9.571128736063784,
      6.680650173449878,
      -4.955862930544399,
      0.05928163553794297,
      0.030374250874256527,
      5.591043670293229e-05,
      -4.805818468606626e-05,
      -9.965936901460198e-08,
      2.781288862880898e-08,
      3.310817547859367e-11,
      -5.349865408359655e-12
    ],
    [
      303492.413009272,
      827472.9463642628
    ]
  ],
  [
    [
      -9.571128736063784,
      6.680650173449878,
      -4.955862930544399,
      0.05928163553794297,
      0.030374250874256527,
      5.5941791793931214e-05,
      -4.800625649211208e-05,
      -9.965213397646454e-08,
      2.781288862880898e-08,
      3.3083449984564395e-11,
      -5.349865408359655e-12
    ],
    [
      515883.6125897678,
      616430.8485852549
    ]
  ],
  [
    [
      -9.571128736063784,
      6.680650173449878,
      -4.955862930544399,
      0.05928163553794297,
      0.030374250874256527,
      5.5941791793931214e-05,
      -4.805818468606626e-05,
      -9.965936901460198e-08,
      2.781288862880898e-08,
      3.310817547859367e-11,
      -5.349865408359655e-12
    ],
    [
      301575.70452670066,
      829813.3390872155
    ]
  ],
  [
    [
      -9.571128736063784,
      6.680650173449878,
      -4.955862930544399,
      0.059192015651292285,
      0.030374250874256527,
      5.591043670293229e-05,
      -4.800625649211208e-05,
      -9.965213397646454e-08,
      2.781288862880898e-08,
      3.310817547859367e-11,
      -5.349865408359655e-12
    ],
    [
      513676.51694104343,
      623370.2164975309
    ]
  ],
  [
    [
      -9.571128736063784,
      6.680650173449878,
      -4.955862930544399,
      0.05928163553794297,
      0.030374250874256527,
      5.591043670293229e-05,
      -4.808325870516183e-05,
      -9.965936901460198e-08,
      2.781288862880898e-08,
      3.310817547859367e-11,
      -5.349865408359655e-12
    ],
    [
      253914.960911965,
      995602.3666184524
    ]
  ],
  [
    [
      -9.571128736063784,
      6.680650173449878,
      -4.955862930544399,
      0.059192015651292285,
      0.030374250874256527,
      5.591043670293229e-05,
      -4.800625649211208e-05,
      -9.965213397646454e-08,
      2.781288862880898e-08,
      3.310817547859367e-11,
      -5.349865408359655e-12
    ],
    [
      513676.51694104343,
      623370.2164975309
    ]
  ],
  [
    [
      -9.5790372570083,
      6.680650173449878,
      -4.963101257957652,
      0.05932861446620436,
      0.030374250874256527,
      5.591043670293229e-05,
      -4.800625649211208e-05,
      -9.951559187254735e-08,
      2.781288862880898e-08,
      3.310817547859367e-11,
      -5.352600858554306e-12
    ],
    [
      423631.8130199105,
      695894.8455792244
    ]
  ],
  [
    [
      -9.57119923435858,
      6.680650173449878,
      -4.955862930544399,
      0.05928163553794297,
      0.030374250874256527,
      5.5941791793931214e-05,
      -4.800625649211208e-05,
      -9.965936901460198e-08,
      2.7789283499023924e-08,
      3.310817547859367e-11,
      -5.349865408359655e-12
    ],
    [
      302812.3119978463,
      823250.2612141741
    ]
  ],
  [
    [
      -9.568569043619645,
      6.680650173449878,
      -4.955862930544399,
      0.05928163553794297,
      0.030374250874256527,
      5.591043670293229e-05,
      -4.800625649211208e-05,
      -9.965213397646454e-08,
      2.781288862880898e-08,
      3.3083449984564395e-11,
      -5.349865408359655e-12
    ],
    [
      517595.938744153,
      613586.6041201926
    ]
  ],
  [
    [
      -9.571128736063784,
      6.680650173449878,
      -4.955862930544399,
      0.05928163553794297,
      0.030374250874256527,
      5.5941791793931214e-05,
      -4.805818468606626e-05,
      -9.965936901460198e-08,
      2.781288862880898e-08,
      3.307143238259818e-11,
      -5.349865408359655e-12
    ],
    [
      312651.38360869134,
      812169.2342621261
    ]
  ],
  [
    [
      -9.571128736063784,
      6.680650173449878,
      -4.962260761549737,
      0.059192015651292285,
      0.030374250874256527,
      5.591043670293229e-05,
      -4.800625649211208e-05,
      -9.965213397646454e-08,
      2.781288862880898e-08,
      3.310817547859367e-11,
      -5.349865408359655e-12
    ],
    [
      506524.20857784606,
      625185.7820585348
    ]
  ],
  [
    [
      -9.571128736063784,
      6.680650173449878,
      -4.955862930544399,
      0.05919545889796387,
      0.030374250874256527,
      5.591043670293229e-05,
      -4.800625649211208e-05,
      -9.965936901460198e-08,
      2.781288862880898e-08,
      3.310817547859367e-11,
      -5.349865408359655e-12
    ],
    [
      514423.9711661066,
      621874.2421454194
    ]
  ],
  [
    [
      -9.571128736063784,
      6.680650173449878,
      -4.955862930544399,
      0.05928163553794297,
      0.030374250874256527,
      5.591043670293229e-05,
      -4.800625649211208e-05,
      -9.965936901460198e-08,
      2.781288862880898e-08,
      3.310817547859367e-11,
      -5.349865408359655e-12
    ],
    [
      512350.6001759639,
      624929.7520909426
    ]
  ],
  [
    [
      -9.571128736063784,
      6.680650173449878,
      -4.955862930544399,
      0.05928163553794297,
      0.030374250874256527,
      5.591043670293229e-05,
      -4.800625649211208e-05,
      -9.965936901460198e-08,
      2.781288862880898e-08,
      3.310817547859367e-11,
      -5.349865408359655e-12
    ],
    [
      512350.6001759639,
      624929.7520909426
    ]
  ],
  [
    [
      -9.571128736063784,
      6.684628500463664,
      -4.955862930544399,
      0.05928163553794297,
      0.030374250874256527,
      5.591043670293229e-05,
      -4.800625649211208e-05,
      -9.965213397646454e-08,
      2.781288862880898e-08,
      3.310817547859367e-11,
      -5.349865408359655e-12
    ],
    [
      511495.7444753968,
      626606.1737599863
    ]
  ],
  [
    [
      -9.571128736063784,
      6.680650173449878,
      -4.955862930544399,
      0.05928163553794297,
      0.030374250874256527,
      5.591043670293229e-05,
      -4.80381218067692e-05,
      -9.965213397646454e-08,
      2.781288862880898e-08,
      3.310817547859367e-11,
      -5.349865408359655e-12
    ],
    [
      366293.76576252945,
      727435.6178401901
    ]
  ],
  [
    [
      -9.571128736063784,
      6.680650173449878,
      -4.955862930544399,
      0.05928163553794297,
      0.030374250874256527,
      5.591043670293229e-05,
      -4.800625649211208e-05,
      -9.965213397646454e-08,
      2.781288862880898e-08,
      3.310817547859367e-11,
      -5.349865408359655e-12
    ],
    [
      511535.7172991376,
      626568.9611167978
    ]
  ],
  [
    [
      -9.571128736063784,
      6.680650173449878,
      -4.955862930544399,
      0.05928163553794297,
      0.030359862709091565,
      5.591043670293229e-05,
      -4.800625649211208e-05,
      -9.965213397646454e-08,
      2.781288862880898e-08,
      3.310817547859367e-11,
      -5.349865408359655e-12
    ],
    [
      476919.6337242186,
      641070.176191306
    ]
  ],
  [
    [
      -9.571128736063784,
      6.680650173449878,
      -4.955862930544399,
      0.05928163553794297,
      0.030374250874256527,
      5.591043670293229e-05,
      -4.800625649211208e-05,
      -9.965213397646454e-08,
      2.781288862880898e-08,
      3.310817547859367e-11,
      -5.349865408359655e-12
    ],
    [
      511535.7172991376,
      626568.9611167978
    ]
  ],
  [
    [
      -9.571128736063784,
      6.680650173449878,
      -4.955862930544399,
      0.05928163553794297,
      0.030374250874256527,
      5.591043670293229e-05,
      -4.800625649211208e-05,
      -9.965213397646454e-08,
      2.781288862880898e-08,
      3.310817547859367e-11,
      -5.349865408359655e-12
    ],
    [
      511535.7172991376,
      626568.9611167978
    ]
  ],
  [
    [
      -9.571128736063784,
      6.676643365567533,
      -4.955862930544399,
      0.05928163553794297,
      0.030374250874256527,
      5.591043670293229e-05,
      -4.800625649211208e-05,
      -9.965213397646454e-08,
      2.781288862880898e-08,
      3.310817547859367e-11,
      -5.349865408359655e-12
    ],
    [
      511576.0052675366,
      626531.5205650108
    ]
  ],
  [
    [
      -9.571128736063784,
      6.680650173449878,
      -4.962238357677258,
      0.05920779924661522,
      0.03036784765699366,
      5.591043670293229e-05,
      -4.800625649211208e-05,
      -9.951559187254735e-08,
      2.781288862880898e-08,
      3.310817547859367e-11,
      -5.349865408359655e-12
    ],
    [
      475978.9877933368,
      663740.3146310633
    ]
  ],
  [
    [
      -9.571128736063784,
      6.680650173449878,
      -4.963101257957652,
      -0.7169777896460429,
      0.030374250874256527,
      5.591043670293229e-05,
      -4.800625649211208e-05,
      -9.937081601932431e-08,
      2.781288862880898e-08,
      3.310817547859367e-11,
      -5.352600858554306e-12
    ],
    [
      1831212738.6012847,
      2412755885.7584
    ]
  ],
  [
    [
      -9.580686007832599,
      6.680650173449878,
      -4.955862930544399,
      0.05928163553794297,
      0.03037626526468849,
      5.591043670293229e-05,
      -4.800625649211208e-05,
      -9.951559187254735e-08,
      2.781288862880898e-08,
      3.310817547859367e-11,
      -5.3504313784982735e-12
    ],
    [
      487973.10280506144,
      662812.989008882
    ]
  ],
  [
    [
      -9.571128736063784,
      6.680650173449878,
      -4.955862930544399,
      0.05928163553794297,
      0.030407627554176662,
      5.589025433395724e-05,
      -4.800625649211208e-05,
      -9.956626756656571e-08,
      2.781288862880898e-08,
      3.310817547859367e-11,
      -5.349865408359655e-12
    ],
    [
      593732.512852771,
      625129.813932868
    ]
  ],
  [
    [
      -9.571128736063784,
      6.680650173449878,
      -4.955862930544399,
      0.059370478847563024,
      0.030374250874256527,
      5.591043670293229e-05,
      -4.800625649211208e-05,
      -9.951559187254735e-08,
      2.781288862880898e-08,
      3.308485237812215e-11,
      -5.349865408359655e-12
    ],
    [
      500322.74278758356,
      649211.7102563598
    ]
  ],
  [
    [
      -9.571128736063784,
      6.680650173449878,
      -4.962238357677258,
      0.05928163553794297,
      0.030374250874256527,
      5.591043670293229e-05,
      -4.800625649211208e-05,
      -9.951559187254735e-08,
      2.781288862880898e-08,
      3.310817547859367e-11,
      -5.349865408359655e-12
    ],
    [
      490084.7775671305,
      660597.1633134881
    ]
  ],
  [
    [
      -9.571128736063784,
      6.680650173449878,
      -4.955862930544399,
      0.05928163553794297,
      0.030374250874256527,
      5.591043670293229e-05,
      -4.800625649211208e-05,
      -9.951559187254735e-08,
      2.781288862880898e-08,
      3.310382595038441e-11,
      -5.349865408359655e-12
    ],
    [
      498165.8535611245,
      656513.817174162
    ]
  ],
  [
    [
      -9.571128736063784,
      6.680650173449878,
      -4.954112682628071,
      0.05928163553794297,
      0.030374250874256527,
      5.586084296908277e-05,
      -4.800625649211208e-05,
      -9.951559187254735e-08,
      2.781288862880898e-08,
      3.310817547859367e-11,
      -5.349865408359655e-12
    ],
    [
      501518.84603461326,
      653500.593664327
    ]
  ],
  [
    [
      -9.571128736063784,
      6.680650173449878,
      -4.955862930544399,
      0.05928163553794297,
      0.030374250874256527,
      5.589568653860041e-05,
      -4.800625649211208e-05,
      -9.951559187254735e-08,
      2.781288862880898e-08,
      3.310817547859367e-11,
      -5.349865408359655e-12
    ],
    [
      497932.67827479943,
      657497.5947182509
    ]
  ],
  [
    [
      -9.571128736063784,
      6.680650173449878,
      -4.955862930544399,
      0.059249034750363735,
      0.030374250874256527,
      5.591043670293229e-05,
      -4.800625649211208e-05,
      -9.951559187254735e-08,
      2.781288862880898e-08,
      3.307795587100809e-11,
      -5.349865408359655e-12
    ],
    [
      504428.2418947272,
      640591.633077872
    ]
  ],
  [
    [
      -9.571128736063784,
      6.680650173449878,
      -4.955862930544399,
      0.05927693548948333,
      0.030366226989397664,
      5.591043670293229e-05,
      -4.800625649211208e-05,
      -9.951559187254735e-08,
      2.781288862880898e-08,
      3.310817547859367e-11,
      -5.349865408359655e-12
    ],
    [
      477558.696865936,
      666094.947442397
    ]
  ],
  [
    [
      -9.574571828867091,
      6.680650173449878,
      -4.955862930544399,
      0.05928163553794297,
      0.030374250874256527,
      5.591043670293229e-05,
      -4.800625649211208e-05,
      -9.951559187254735e-08,
      2.781288862880898e-08,
      3.310817547859367e-11,
      -5.349865408359655e-12
    ],
    [
      497265.9227471105,
      659026.482976853
    ]
  ],
  [
    [
      -9.571128736063784,
      6.680650173449878,
      -4.955862930544399,
      0.05928163553794297,
      0.030374250874256527,
      5.591043670293229e-05,
      -4.800625649211208e-05,
      -9.951559187254735e-08,
      2.781288862880898e-08,
      3.310817547859367e-11,
      -5.349865408359655e-12
    ],
    [
      497267.27611830726,
      659027.4643352495
    ]
  ],
  [
    [
      -9.571128736063784,
      6.680650173449878,
      -4.955862930544399,
      0.05928163553794297,
      0.030374250874256527,
      5.591043670293229e-05,
      -4.800625649211208e-05,
      -9.951559187254735e-08,
      2.781288862880898e-08,
      3.310817547859367e-11,
      -5.349865408359655e-12
    ],
    [
      497267.27611830726,
      659027.4643352495
    ]
  ],
  [
    [
      -9.571128736063784,
      6.691384453058762,
      -4.955862930544399,
      0.05928163553794297,
      0.030374250874256527,
      5.591043670293229e-05,
      -4.800625649211208e-05,
      -9.951559187254735e-08,
      2.781288862880898e-08,
      3.310817547859367e-11,
      -5.349865408359655e-12
    ],
    [
      497177.3176305971,
      659152.2733569937
    ]
  ]
]